50
0 33 16 3 20 18 43 24 9 10 14 38 14 15 14 13 15 11 12 6 21 35 3 42 28 18 27 19 0 21 31 25 48 5 32 7 6 27 16 35 48 27 2 11 13 36 46 11 18 46 
27 0 28 34 4 30 37 35 2 29 30 0 46 0 29 48 24 39 21 17 29 41 29 45 48 21 32 20 37 20 19 43 35 0 9 34 5 33 43 2 8 25 50 16 7 10 2 32 14 17 
6 21 0 24 42 41 2 47 23 39 48 38 40 15 38 35 19 25 35 1 23 37 12 27 11 39 17 25 38 2 13 15 35 48 26 43 40 36 1 12 26 15 25 5 3 7 8 41 2 40 
17 10 34 0 26 45 19 48 28 17 17 4 40 9 2 42 19 34 13 30 15 26 22 5 17 47 12 7 13 10 11 34 16 2 24 19 26 14 5 27 46 44 4 31 36 44 41 0 19 36 
16 29 8 42 0 40 46 41 26 3 22 29 32 17 30 10 3 9 7 32 35 18 28 35 43 34 35 16 17 9 32 38 16 31 0 28 39 21 46 29 40 25 38 38 12 44 16 49 24 35 
26 0 0 6 13 0 11 26 25 8 41 34 49 19 10 24 39 32 20 42 30 35 45 9 23 45 24 48 14 6 25 10 45 47 40 11 5 8 35 20 3 14 50 29 13 28 43 27 49 8 
35 23 23 31 19 44 0 47 32 8 35 40 47 4 24 35 16 19 45 40 22 8 20 15 13 40 13 48 12 33 7 41 11 33 13 18 9 28 22 20 6 43 26 45 45 47 44 25 28 38 
5 21 49 7 11 10 40 0 17 30 32 33 1 39 27 22 5 46 22 7 44 13 41 3 8 3 43 42 5 39 12 24 4 30 25 16 48 47 13 26 44 24 10 13 36 12 14 43 24 8 
29 48 30 27 12 2 24 0 0 34 43 29 47 20 44 31 32 41 42 43 18 25 24 13 20 42 11 20 9 14 49 44 15 47 11 22 14 33 31 34 33 8 34 10 45 44 47 41 4 46 
48 25 12 48 37 27 22 46 44 0 6 4 12 39 3 38 47 17 49 20 31 13 19 42 44 13 36 1 11 45 35 20 30 45 21 5 7 39 16 11 9 14 41 11 20 7 20 0 14 41 
36 27 8 0 16 25 6 14 14 28 0 44 44 23 3 47 2 26 39 34 2 24 25 27 11 16 37 1 23 22 30 47 20 50 38 45 12 18 7 0 5 20 25 44 49 25 10 40 2 32 
22 3 46 45 1 12 8 19 3 19 3 0 16 7 30 4 5 43 43 42 0 19 44 41 0 12 37 11 38 23 38 8 49 6 23 39 7 37 13 38 4 50 37 10 42 20 40 25 8 28 
8 30 22 19 16 6 20 49 26 7 45 30 0 9 22 31 8 48 44 25 2 17 46 49 31 20 6 23 31 12 26 11 42 47 42 46 44 38 28 41 36 37 35 6 49 38 28 28 11 32 
0 41 26 26 7 19 45 35 25 39 9 24 35 0 11 1 15 39 19 35 17 40 40 41 26 38 20 23 42 23 9 41 9 44 2 12 28 14 7 4 47 47 24 28 40 41 25 15 46 3 
45 37 22 9 17 23 46 36 37 2 5 38 11 12 0 12 6 19 22 0 41 47 15 24 28 49 37 37 42 36 31 22 19 10 25 14 43 17 33 27 43 17 41 0 38 44 33 50 18 30 
44 35 19 15 20 8 45 37 17 30 21 26 42 1 41 0 7 26 15 1 28 37 0 23 1 19 37 24 8 1 30 34 31 44 9 46 37 10 47 21 22 27 50 49 19 2 20 18 36 48 
9 13 32 18 23 38 39 0 37 35 2 9 13 29 0 45 0 41 50 27 12 30 5 43 30 13 1 9 14 14 28 28 26 22 10 30 0 3 19 35 47 38 15 17 13 36 2 23 46 11 
19 0 47 6 42 47 44 26 21 37 40 17 18 22 25 41 14 0 20 1 23 0 1 29 15 48 13 36 35 50 42 1 13 6 11 27 46 48 36 37 7 32 8 11 44 8 40 38 39 4 
19 27 42 35 34 45 32 49 47 17 47 16 6 46 3 46 37 3 0 46 39 47 10 14 42 2 1 6 40 7 39 6 21 12 27 20 22 7 20 39 46 43 38 36 42 23 14 28 6 22 
22 2 29 46 43 17 20 16 0 17 30 11 27 20 39 30 42 18 39 0 31 36 26 25 46 46 15 41 30 48 46 45 32 19 42 1 9 42 24 23 42 38 42 41 19 10 21 44 21 1 
22 31 21 25 46 35 20 4 50 1 22 42 28 26 2 22 38 41 43 43 0 34 40 15 11 45 8 27 46 11 31 7 31 19 18 0 28 40 32 49 19 30 8 28 46 36 0 11 23 39 
3 36 12 31 21 17 8 43 16 19 22 34 6 0 43 49 43 48 11 38 36 0 36 10 48 17 32 36 42 4 8 33 48 16 33 45 39 1 24 9 1 46 7 32 43 11 35 44 23 19 
50 46 32 47 3 19 45 9 0 19 7 9 36 3 15 33 12 36 45 27 30 11 0 14 50 36 47 7 23 38 5 33 35 0 6 29 30 19 47 13 11 33 31 33 21 6 3 18 24 33 
15 24 2 25 26 24 4 7 40 9 50 8 43 43 25 0 48 49 6 44 16 24 24 0 34 36 33 30 29 15 11 14 13 38 40 45 44 32 25 35 32 41 43 40 12 9 18 23 34 27 
48 37 10 39 44 46 15 2 7 14 3 16 49 46 26 13 19 3 38 0 12 12 25 32 0 42 25 11 2 27 9 39 31 47 13 44 17 20 46 23 1 47 34 2 22 33 11 27 5 27 
40 33 44 5 32 9 25 2 46 12 10 38 12 12 26 6 39 14 49 48 42 9 9 30 37 0 42 18 47 49 4 32 42 26 45 14 28 34 42 36 9 5 41 11 17 31 35 32 22 3 
12 43 24 1 7 33 22 3 31 2 46 47 3 39 5 43 11 32 25 35 33 8 11 14 42 27 0 10 16 41 21 33 31 48 4 21 38 32 28 3 28 26 18 12 15 50 28 48 6 13 
34 20 45 2 17 45 21 29 43 13 37 23 46 34 30 23 0 13 11 33 10 17 37 26 22 4 36 0 4 27 36 19 29 21 38 26 2 12 33 33 38 39 20 13 7 14 41 20 38 18 
49 32 39 45 45 41 50 39 5 39 6 20 27 17 2 12 27 9 40 0 15 42 22 34 3 36 25 34 0 27 30 9 10 2 4 11 26 30 40 11 8 50 28 4 20 42 48 50 19 38 
27 7 44 41 25 30 15 10 45 16 47 33 25 1 19 25 34 20 31 31 41 18 38 23 27 29 42 37 43 0 30 18 22 5 25 2 2 21 4 10 14 26 0 19 34 5 46 30 19 47 
16 37 45 11 24 26 37 9 16 31 9 46 24 26 31 19 24 49 25 2 32 38 39 14 7 22 22 4 44 43 0 36 18 32 0 4 4 24 12 1 22 12 10 44 7 30 4 17 19 15 
0 1 28 21 8 8 16 21 34 26 43 42 2 28 44 32 7 34 8 37 28 6 6 41 9 38 41 40 2 35 25 0 16 35 35 40 47 24 50 11 8 33 12 1 29 43 26 19 40 26 
18 47 48 47 14 4 11 8 29 20 44 13 37 5 30 32 44 17 5 28 38 2 46 2 11 19 43 38 8 38 34 46 0 32 3 38 31 13 31 39 44 39 26 23 20 5 26 37 25 32 
49 37 4 1 40 37 31 41 23 37 31 30 39 25 44 37 46 7 36 46 21 20 5 32 3 5 24 44 1 27 0 21 8 0 3 5 42 20 46 34 8 48 11 4 49 8 31 19 10 28 
0 35 25 8 36 10 10 29 37 42 10 44 23 25 44 3 32 23 38 14 44 7 35 40 8 34 20 9 3 28 41 15 32 16 0 18 0 46 6 36 43 8 30 37 35 28 20 43 4 23 
16 44 41 32 0 29 4 43 35 27 49 23 5 4 30 36 33 19 1 44 20 12 43 31 39 31 8 2 33 30 16 46 11 16 15 0 45 16 35 7 48 41 29 32 30 41 44 8 41 7 
19 38 5 7 31 37 35 8 28 19 39 17 2 26 12 49 35 50 49 38 15 1 50 0 33 11 20 50 37 43 19 2 38 9 13 27 0 21 44 45 22 36 43 12 30 44 10 5 37 6 
5 44 50 42 48 45 3 2 15 21 30 0 40 13 20 44 39 31 14 24 44 30 27 16 31 5 6 4 28 2 0 14 43 33 42 27 16 0 27 6 46 41 20 31 16 38 11 6 35 46 
6 40 46 0 29 40 5 29 31 13 21 24 25 5 42 16 4 9 20 41 5 35 0 10 7 7 27 11 44 24 30 22 16 22 30 13 50 41 0 40 9 36 16 20 27 15 9 47 4 4 
23 9 11 37 25 3 16 34 42 40 22 11 0 28 34 48 36 10 42 20 28 7 12 21 14 39 29 8 36 41 36 32 12 21 6 20 36 18 26 0 5 47 25 14 36 4 24 19 17 37 
31 31 13 40 48 5 49 9 4 30 35 0 33 33 22 5 46 39 0 13 35 3 35 38 17 44 5 23 45 38 24 29 27 34 46 9 49 26 35 31 0 8 40 44 9 36 43 41 37 35 
28 16 46 42 37 45 35 12 25 7 8 38 50 27 27 44 42 2 5 0 35 3 39 27 4 31 10 10 36 35 46 6 34 3 14 5 34 35 11 47 35 0 19 3 29 8 37 44 43 5 
17 19 20 15 36 21 30 4 9 19 47 3 9 50 38 50 12 41 15 28 42 45 17 35 40 43 18 19 1 25 49 8 13 29 24 23 19 19 45 6 38 14 0 32 11 25 44 49 0 17 
12 15 24 31 43 11 18 12 4 33 6 48 18 46 48 11 31 30 12 0 29 42 10 18 20 6 21 2 3 20 27 10 35 24 50 27 39 29 18 50 6 50 46 0 10 25 11 2 26 13 
31 9 30 27 26 2 0 50 10 19 41 7 19 0 3 27 7 29 9 49 34 0 35 6 23 8 5 27 34 40 41 31 21 38 17 14 18 31 50 32 9 11 49 40 0 31 31 27 28 12 
36 17 40 27 43 44 32 7 11 33 34 39 34 10 2 45 45 3 1 2 25 28 14 46 4 14 10 0 35 34 15 33 41 44 36 49 4 23 49 5 50 49 34 43 23 0 6 16 22 0 
13 22 24 28 42 10 38 26 12 11 38 43 17 35 16 37 16 10 2 35 39 41 25 36 15 46 48 27 23 24 1 20 50 45 43 41 42 48 28 3 45 12 14 43 18 49 0 8 13 19 
20 3 13 0 8 46 7 27 14 47 27 47 22 3 20 27 37 7 26 23 49 36 33 48 36 41 8 21 7 6 36 42 49 7 34 15 43 26 24 12 42 18 15 9 46 1 36 0 13 21 
29 30 50 23 32 12 14 10 17 24 3 7 8 15 9 33 33 23 5 27 49 18 28 31 6 18 11 48 20 29 9 27 32 37 32 27 37 8 45 41 29 9 17 8 41 10 24 41 0 35 
44 41 9 21 20 16 16 43 22 25 22 33 5 26 9 4 12 48 28 22 40 20 39 30 43 27 38 26 26 24 17 33 42 10 6 3 7 0 35 46 50 40 3 40 48 0 2 48 35 0 
0
32 9 21 20 15 16 43 22 $
