85 21 75 56 13 77 48 37 38 45 15 14 89 94 64 97 65 87 23 43 49



78 150 86 54  2 194 11 70 13 77 159 31 151 117 20 189 125 42 100 27 152 132 179 51 115 126 62 85 97 73 104 74 109 167 177 98 165 60 29 133 59 174 18 105 71 140 35 141 95 127 37 4 160 169 50 0 91 10 142 84 90 123




 94 197 432 70 226 242 20 121 191 17 271 222 232 424 1 374 87 108 327 114 206 16 188 200 343 464 220 246 230 397 166 62 412 151 264 157 336 499 19 63 152 387 189 344 122 449 64 462 79 125 444 173 85 112 333 377 490 86 434 414 308 346 177 470 316 46 291 318 150 334 269 111 27 423 431
207 496 368 494 245 358 237 422 319 307 435 180 328 215 392 61 471 407 8 234 330 209 137 257 41 233 489 425 134 203 332 11 124 315 272 159 248 239 352 47 480 405 142 498 49 362 347 323 123 484 420 439 311 165 178 193 378 372 289 442 340 497 92 329 259 427 301 192 350 23 195 324 29 10 238 363 119 21 487 451 103 100 118 164 460 251 126 184 54 445 312 135 386 181 217 338 455 120 50 493 249 370 256 138 129 314


 473  275 84 559 928 49 241  280 895 250 831 652 285 550 941 488 119 183 336 545 223 589 525 966 494 611 134 827 204 726 331 603 88 686 291 750 355 840 727 841 263 287 417 720 154 799 607 474 456 516 341 708 844 906 501 995 867 238 219 788 591 353 229 599 55 946 821 442 920 328 468 962 535 402 244 600 526 917 635 218 29 377 120 455 870 781 868 739 999 636 897 570 98 489 149 270 364 925 676 877 156 998 858 124 507 230 795 969 578 902 59 161 255 990 952 915 532 782 41 713 834 511 112 404 613 678 61 940 542 997 406 523 556 939 7 898 904 132 789 716 891 825 168 201 382 197 797 121 971 588 479 80 346 783 138 620 423 984 942 850 396 412 252 820 283 115 57 936 267 365 618 142 771 413 63 694 100 566 418 551 865 144 758 415 513 695 234 356 294 173 943 276 12 530 761 882 38 0 79 187 561 274 153 649 770 437 47 938 281 717 886 765 773 40 448 379 934 184 777 383 830 645 321 752 806 150 779 42 987 312 961 553 344 900 983 584 107 137 77 548 567 707 256 366 2 393 408 756 663 397 747 876 873 687 269 162 721 930 54 289 793 34 425 718 323 847 881 923 924 109 738 462 579 465 910 3 582 973 968 674 609 99 72 484 602 333 802 994 228 385 504 965 637 459 78 334 305 849 740 62 11 313 667 326 308 485 266 959 745 475 92 889 449 122 912 524 339 86 242 555 517 828 225 564 222 411 203 298 431 697 937 956 50 165 196 712 447 655 403 859 36 711 351 977 480 625 499 597 155 139 239 673 91 812 979 251 424 693 405 786 31 641 158 862 702 724 572 664 627 324 819 $
