100
0 68 90 15 9 14 86 70 65 10 46 38 30 65 59 40 100 44 91 29 77 80 12 2 51 80 8 14 85 21 55 12 12 69 63 12 14 11 63 96 2 20 14 32 66 43 63 79 57 87 39 50 38 39 77 20 68 86 15 5 33 37 15 91 35 20 93 5 90 66 49 44 54 52 96 38 53 28 36 86 81 10 67 9 46 24 39 48 44 16 86 38 12 94 77 69 19 5 40 40 
34 0 21 47 71 9 55 89 100 3 38 6 16 61 77 82 41 24 5 33 23 79 75 47 62 21 59 61 65 99 14 27 12 7 23 50 40 46 73 87 90 19 76 17 64 97 47 26 12 56 73 65 51 5 44 58 4 22 42 33 78 85 30 18 87 46 58 64 55 76 29 77 1 65 30 14 33 15 68 25 63 2 82 87 77 64 45 5 6 67 54 75 0 62 58 53 21 5 42 41 
100 86 0 95 55 28 26 89 15 23 0 16 94 23 42 91 19 11 72 42 67 58 44 18 69 69 83 6 13 62 18 32 5 26 27 34 11 98 60 69 82 90 74 77 74 24 17 87 91 48 16 85 0 96 56 72 14 70 24 22 100 84 65 40 40 56 69 31 29 9 90 71 79 79 12 44 43 2 3 9 68 5 12 22 46 12 74 23 10 56 23 29 20 83 29 40 72 47 0 79 
3 98 58 0 53 97 21 21 87 0 54 94 17 51 81 74 73 78 51 95 38 72 64 51 45 82 84 86 15 0 96 98 3 90 68 39 45 75 47 31 38 99 5 31 81 39 99 9 16 51 13 84 94 60 99 82 92 54 45 59 35 26 98 77 11 43 16 68 90 53 90 25 26 55 47 62 84 78 95 85 99 2 33 21 86 49 56 27 12 14 28 48 55 8 97 97 11 80 29 2 
73 84 42 31 0 69 79 82 25 36 85 56 33 82 3 73 69 32 29 92 68 44 8 10 28 58 8 51 37 40 84 65 17 79 38 89 73 34 6 90 4 37 78 79 73 40 6 75 44 55 37 39 87 16 16 59 95 43 3 57 39 78 19 15 64 79 87 25 56 99 66 26 77 83 91 87 78 51 58 95 2 31 22 27 1 94 0 89 5 18 27 76 64 100 1 46 57 26 47 76 
14 71 63 78 9 0 100 3 41 88 29 13 79 2 23 94 83 59 31 13 27 50 11 16 98 48 58 10 97 42 64 63 55 37 56 31 3 74 97 66 26 43 80 35 33 37 93 63 42 48 22 79 97 25 59 67 46 50 55 20 82 15 31 81 47 39 32 95 40 89 99 74 38 68 45 9 23 46 73 54 38 9 50 11 17 72 57 43 61 85 30 74 6 76 11 37 48 17 46 2 
53 63 42 39 13 24 0 2 3 92 32 9 98 42 83 92 4 74 10 86 3 73 7 55 61 77 0 0 6 4 68 91 95 28 99 67 30 67 2 77 63 9 73 51 77 6 92 2 35 36 24 12 15 82 30 95 97 1 27 67 0 75 71 40 95 37 0 94 75 39 92 30 28 38 96 85 51 8 16 86 72 95 84 87 66 56 43 51 90 52 40 34 40 42 75 28 48 72 52 90 
47 39 19 2 61 29 75 0 28 53 50 16 82 48 70 67 74 85 45 99 73 58 30 47 11 66 84 98 0 93 98 53 61 90 0 25 84 63 6 88 98 13 2 66 21 51 56 26 82 18 36 70 34 83 55 28 38 61 77 26 18 47 23 94 44 65 51 78 10 14 28 49 51 40 28 23 16 32 80 21 60 70 28 60 66 56 91 42 93 24 46 73 55 10 52 45 17 62 30 98 
88 88 66 17 19 67 4 100 0 82 82 30 57 1 1 58 37 26 7 7 7 11 14 88 8 0 19 99 92 14 2 59 47 24 23 41 1 89 75 90 34 57 37 40 32 25 78 30 86 7 58 76 64 46 46 22 39 10 89 85 99 85 7 83 44 7 99 18 57 74 0 20 36 72 92 59 46 52 79 31 13 6 98 13 13 61 37 49 87 91 14 18 33 77 57 72 31 30 40 69 
73 90 56 49 36 63 44 71 35 0 44 85 73 0 98 7 99 62 77 65 83 27 37 30 14 70 24 34 79 80 67 87 20 45 77 96 75 40 89 62 16 39 34 35 89 93 96 50 97 90 87 76 86 35 84 4 43 0 16 92 34 13 66 12 47 57 21 34 56 5 99 60 42 76 13 86 97 65 59 24 35 87 53 6 76 37 99 30 25 37 58 85 85 85 87 39 73 55 6 100 
86 32 80 22 97 35 55 35 39 0 0 27 10 0 87 38 66 68 77 98 37 82 82 10 15 10 84 63 60 78 6 90 66 26 29 22 67 19 32 8 11 81 14 91 67 13 58 32 63 86 31 77 93 37 71 61 55 64 88 22 45 90 39 24 23 78 21 41 52 19 82 45 76 71 30 70 33 7 75 27 9 35 40 69 42 63 45 100 34 88 24 42 60 96 71 6 31 8 70 41 
14 87 93 39 59 24 98 71 43 10 58 0 41 89 47 65 10 13 33 35 85 87 84 23 20 4 16 13 64 26 11 39 78 25 80 33 23 7 95 50 55 52 5 63 92 87 46 36 73 69 82 78 47 2 89 40 50 91 45 35 77 42 17 28 28 40 51 49 12 14 46 65 56 9 39 4 82 90 56 13 96 96 89 43 17 31 65 96 24 36 65 29 41 33 69 39 30 92 53 36 
78 29 40 54 51 77 32 79 57 0 38 8 0 91 30 25 62 52 82 100 99 8 84 18 4 12 80 46 68 32 51 98 34 94 17 47 4 68 76 78 38 35 21 92 74 82 34 32 87 66 18 61 10 23 54 83 60 81 79 54 54 2 11 33 46 15 46 19 68 1 40 75 29 3 30 28 64 97 91 87 29 32 69 42 62 62 49 61 76 74 70 66 76 71 16 78 39 1 42 91 
12 7 97 53 32 5 32 95 12 41 33 82 51 0 50 13 4 68 74 78 37 45 40 99 94 80 34 34 40 98 80 1 19 28 63 53 59 87 100 78 8 35 27 64 54 3 31 83 47 55 33 45 7 99 17 80 71 27 51 55 32 52 34 55 33 91 52 96 42 70 16 91 12 94 34 32 34 86 34 89 94 63 7 63 18 13 70 85 3 4 30 19 25 13 77 1 51 16 80 93 
42 2 39 67 27 87 1 56 65 31 11 77 94 26 0 11 68 15 14 47 78 31 67 87 92 68 9 65 15 94 20 1 60 58 12 71 75 15 26 48 47 39 91 5 8 18 66 38 31 51 60 57 5 66 83 88 17 94 29 95 45 89 26 7 25 36 61 79 70 91 49 70 39 6 35 72 58 67 100 18 18 65 71 33 1 41 1 74 77 71 98 49 79 73 18 79 66 36 13 50 
67 8 64 73 3 50 42 4 2 19 1 86 50 12 1 0 53 18 28 88 9 88 11 57 97 95 55 14 90 84 98 69 68 96 46 45 37 5 28 92 87 79 78 81 55 51 55 67 22 7 70 31 97 49 90 98 62 29 34 7 96 59 89 77 0 45 63 83 94 32 30 55 74 80 29 96 18 84 41 47 59 37 30 31 82 38 83 28 26 78 82 100 96 22 52 43 18 61 43 48 
97 96 5 37 87 58 26 96 31 21 23 52 40 32 12 18 0 49 13 68 66 99 7 33 5 74 60 50 99 61 36 39 81 61 0 6 6 66 69 2 30 14 88 13 12 11 20 31 89 19 71 16 57 90 17 22 81 57 75 44 89 24 90 85 80 23 90 89 62 48 37 76 46 49 28 13 8 78 88 83 7 3 41 55 26 80 89 92 37 57 69 90 97 20 30 51 22 14 84 10 
53 55 34 73 76 85 84 99 36 13 80 0 68 50 36 74 89 0 18 52 22 65 86 51 99 93 42 38 65 14 55 29 65 76 67 90 15 60 74 73 75 57 5 55 30 18 55 49 94 65 14 37 7 60 36 52 86 55 73 40 3 74 3 63 71 74 64 49 37 69 6 39 98 48 57 19 56 46 93 7 52 22 89 91 78 66 82 40 15 5 65 32 100 74 9 49 27 81 52 58 
9 84 6 63 94 81 83 48 27 37 31 64 32 76 21 15 45 70 0 100 8 52 46 53 58 24 42 57 100 49 80 52 22 72 25 35 18 24 0 0 6 21 76 29 65 23 62 74 74 90 87 45 40 64 98 17 29 71 90 24 35 51 44 57 61 1 100 58 45 7 29 66 44 9 42 83 91 14 46 54 30 60 56 24 3 22 11 54 51 61 82 23 30 99 51 43 39 88 81 62 
33 68 9 24 0 59 45 22 36 87 62 96 8 56 87 20 98 45 34 0 24 54 94 26 15 81 43 12 89 94 58 55 84 85 74 44 3 15 48 62 70 57 91 56 32 1 74 12 67 94 9 56 66 12 40 70 43 17 69 88 11 7 62 50 41 49 53 70 88 57 6 51 97 18 57 56 83 49 63 25 76 9 39 30 68 63 5 14 81 55 34 96 1 77 20 33 52 13 70 29 
76 39 93 74 54 23 44 49 65 37 28 43 6 88 5 30 83 55 10 47 0 9 99 57 79 64 0 92 70 6 76 14 56 26 35 56 26 28 68 88 12 56 91 22 63 42 65 93 49 28 38 67 64 34 22 17 96 60 50 56 81 50 98 55 27 19 32 59 64 53 16 40 60 14 11 57 40 86 43 21 54 38 24 100 46 64 35 83 83 33 40 66 12 13 93 75 61 99 61 0 
23 100 81 41 66 1 30 21 1 45 75 72 63 18 81 71 17 73 40 24 80 0 61 45 52 23 58 83 6 88 16 71 95 54 17 98 6 36 92 78 90 96 83 24 81 53 27 35 11 8 98 65 73 20 14 99 83 56 39 55 27 16 41 23 90 74 16 28 69 83 72 88 14 0 60 16 35 80 86 15 77 84 56 71 5 95 68 47 28 66 63 34 72 5 56 71 60 86 17 38 
50 54 58 53 17 3 54 31 9 2 39 78 16 55 97 3 2 61 51 84 63 30 0 53 25 37 60 13 47 62 89 60 4 46 100 65 35 45 19 55 56 50 27 91 55 79 50 79 87 92 50 22 73 74 89 88 84 97 32 66 23 61 23 5 55 56 60 80 46 25 21 21 87 40 97 11 65 63 96 23 80 57 26 97 25 73 59 75 74 96 22 37 80 63 86 50 26 54 69 45 
50 67 18 17 70 19 56 79 25 80 70 58 80 32 48 1 21 9 28 77 55 71 7 0 80 73 54 9 97 18 89 76 19 31 91 32 42 77 75 42 92 0 79 50 91 7 54 74 81 89 89 11 74 64 72 40 43 1 90 31 25 86 25 95 86 16 11 100 73 69 9 96 9 71 31 85 33 78 2 100 90 68 66 79 53 34 86 37 36 68 47 66 98 90 76 59 30 5 56 38 
81 36 16 91 60 86 24 61 19 27 78 37 56 2 9 83 25 8 11 89 96 46 89 44 0 34 0 99 33 8 98 45 79 40 43 35 95 73 85 79 62 77 30 9 64 63 51 66 32 5 33 42 63 70 67 98 78 24 97 24 76 89 98 56 20 50 52 65 91 63 23 57 2 23 99 47 16 9 75 66 30 87 83 83 18 10 51 42 34 17 65 4 61 55 80 0 2 0 46 51 
40 42 13 73 76 71 66 27 95 6 92 52 69 12 52 76 33 51 48 11 66 85 43 64 41 0 91 62 18 52 73 46 55 52 38 26 38 31 21 3 46 60 38 79 58 92 47 31 20 3 25 7 10 91 92 49 27 60 77 81 87 88 85 10 73 83 50 93 74 46 45 76 5 37 98 29 90 38 62 45 32 89 39 25 48 29 94 69 12 64 68 73 35 100 48 19 57 79 90 87 
96 9 29 15 95 54 84 80 74 36 5 87 48 37 98 82 77 53 84 36 97 5 16 31 92 36 0 62 91 67 93 69 68 75 49 83 90 19 15 77 39 22 22 20 56 90 35 91 91 56 77 1 22 0 58 62 24 93 81 54 36 4 67 84 72 20 49 65 61 32 90 0 63 12 2 97 4 12 38 65 35 44 53 11 10 8 11 83 7 70 20 7 33 79 35 32 19 79 5 56 
57 32 76 7 19 2 10 46 94 18 13 67 46 50 49 25 31 34 90 3 49 66 20 91 97 54 78 0 25 18 96 11 100 56 21 23 6 80 92 48 31 63 25 57 27 80 95 58 2 97 24 67 17 36 7 74 2 35 89 82 57 6 23 2 3 3 62 28 89 30 88 43 4 62 85 30 79 83 80 26 27 56 100 4 89 99 100 32 36 80 41 8 52 52 70 53 83 39 3 33 
78 60 81 22 43 3 78 11 23 16 32 85 74 80 98 27 85 83 73 26 21 86 87 83 32 52 81 94 0 42 24 58 75 82 71 86 10 84 68 3 69 76 1 61 35 23 80 46 94 96 91 70 100 92 15 91 19 8 49 71 36 55 14 40 33 78 69 55 85 31 16 36 7 10 15 97 89 65 42 45 97 14 88 40 23 90 97 8 23 30 14 33 65 11 46 8 83 43 16 40 
51 7 1 97 35 27 95 41 99 51 51 72 45 18 35 77 81 78 38 24 50 78 94 45 29 67 78 28 44 0 71 35 57 71 43 0 5 7 25 35 34 14 24 55 63 73 28 14 20 81 39 42 100 55 29 17 96 38 84 62 7 42 79 5 74 56 18 28 78 71 35 77 38 13 52 54 71 83 34 5 83 0 51 35 55 18 62 63 66 37 45 89 17 79 88 10 30 52 19 78 
41 18 84 31 84 0 49 12 82 2 99 48 57 45 38 35 27 49 56 20 5 88 98 57 29 19 88 2 60 52 0 98 80 70 81 14 26 42 90 65 92 85 62 96 54 45 32 91 85 30 21 29 83 92 16 96 29 61 16 82 37 18 65 53 2 88 1 52 20 6 81 43 31 85 41 2 9 47 90 17 64 95 69 46 58 80 23 13 23 36 16 88 16 33 55 76 35 75 5 68 
0 82 26 61 50 21 7 21 99 84 42 96 31 51 62 97 44 95 87 3 17 22 68 39 11 53 69 97 8 15 63 0 58 13 70 64 90 4 47 35 70 83 35 60 46 84 80 88 71 22 98 43 40 89 47 0 22 53 24 21 77 27 84 95 65 92 95 86 91 31 8 19 22 49 41 48 88 39 7 96 30 4 21 0 61 33 85 57 56 18 90 55 85 95 70 65 69 57 93 25 
6 4 64 85 66 31 31 72 12 25 75 54 8 91 77 1 81 2 12 62 11 10 100 69 57 78 98 89 53 58 95 12 0 84 64 9 78 59 79 39 31 67 65 12 24 92 67 1 36 8 96 67 97 76 22 59 40 74 82 63 14 13 76 56 18 34 12 10 35 76 40 68 28 85 45 57 55 86 79 55 29 30 37 19 23 95 62 0 21 69 62 97 95 2 34 89 26 76 7 9 
70 43 84 32 93 68 75 1 45 5 44 81 78 39 86 54 63 96 53 4 17 53 83 42 29 58 73 8 32 64 57 24 56 0 64 30 54 90 94 88 73 40 82 11 46 46 63 40 61 74 94 6 51 72 73 60 80 52 60 34 90 14 98 91 60 74 94 95 41 28 92 68 29 20 73 72 88 14 95 21 64 14 44 6 14 43 66 74 18 3 17 17 87 63 48 33 82 66 60 29 
21 58 52 8 3 83 24 46 33 85 2 85 12 81 5 50 82 1 76 1 85 68 95 82 36 96 99 75 1 50 62 64 65 40 0 59 9 89 1 20 17 25 31 22 83 94 28 89 81 88 56 13 99 38 66 28 55 53 42 92 100 78 48 42 57 37 49 61 38 37 45 48 51 88 53 37 77 37 47 37 0 69 15 81 55 68 24 55 1 11 14 96 28 85 18 69 67 69 53 70 
100 49 95 6 30 23 62 8 32 93 74 3 71 56 26 84 89 26 58 94 10 77 81 35 6 87 22 25 56 75 66 76 33 11 100 0 10 83 47 95 48 42 53 82 43 66 45 38 9 8 53 29 65 18 96 34 95 14 52 25 67 55 51 84 3 4 30 37 100 23 71 3 46 64 58 17 39 19 16 92 22 1 61 50 4 31 73 96 82 71 49 13 46 88 59 25 84 25 57 53 
16 80 15 63 97 19 9 90 88 55 31 73 50 83 52 22 17 1 61 55 11 15 52 49 31 47 89 68 15 79 3 5 16 86 96 19 0 74 83 9 26 85 22 61 8 85 57 21 96 22 41 25 55 73 28 38 56 18 83 64 16 98 83 12 78 24 43 41 0 89 92 95 79 11 74 14 92 25 11 33 9 37 75 12 83 97 81 72 34 15 50 81 54 27 90 2 82 23 89 3 
20 43 83 74 24 48 21 28 28 49 67 43 9 68 87 37 34 13 9 94 61 21 60 57 24 18 36 22 38 25 41 73 60 30 52 2 53 0 34 77 61 52 81 16 67 32 73 6 8 18 79 48 75 16 83 40 93 36 39 37 40 85 82 66 20 27 81 67 83 68 47 11 53 8 26 97 51 46 13 93 91 85 41 52 46 18 39 62 69 26 45 42 11 49 77 43 17 85 15 29 
64 21 54 24 70 25 38 29 74 38 36 34 42 82 97 68 44 85 42 12 79 59 29 85 51 52 60 43 39 37 93 77 8 46 4 92 45 86 0 50 13 33 76 40 50 90 84 19 70 36 40 26 95 53 8 21 32 80 17 84 62 76 27 62 72 28 32 92 15 94 14 42 73 13 70 88 14 42 2 78 66 76 74 69 98 3 62 99 34 5 60 15 55 41 70 64 70 25 61 37 
58 68 32 76 82 60 39 49 95 17 97 30 59 37 61 79 99 10 3 16 18 97 29 48 68 88 89 19 51 71 6 31 24 89 45 60 80 6 33 0 84 27 43 59 73 61 67 28 61 49 22 60 24 50 24 34 31 72 77 80 43 87 74 90 10 39 45 27 38 57 20 8 34 5 90 42 93 91 45 91 49 84 82 40 5 31 63 77 17 28 11 64 37 73 99 79 93 93 7 21 
91 72 70 67 28 41 18 36 55 78 68 27 93 40 0 21 50 89 77 5 97 27 15 88 58 43 60 45 99 56 85 42 91 17 83 92 52 77 19 88 0 31 2 21 78 37 1 69 8 70 84 3 47 5 2 98 54 23 9 86 84 75 82 51 26 46 81 36 22 48 37 61 11 16 67 64 16 61 67 92 19 68 60 55 1 5 47 19 91 14 21 38 50 11 25 9 13 12 17 95 
49 85 40 80 50 9 10 76 78 94 4 68 38 40 7 62 90 4 70 50 53 93 52 82 100 39 1 84 94 83 30 96 96 33 72 97 14 88 10 63 74 0 41 16 62 77 64 75 14 96 49 23 57 65 97 25 56 72 34 69 83 57 72 91 67 33 90 22 98 85 22 66 68 22 62 77 23 62 73 58 77 34 29 32 4 63 29 87 18 6 86 58 93 18 11 6 39 36 9 95 
7 23 63 71 49 44 87 29 67 99 29 88 90 27 64 67 22 8 55 7 12 34 8 59 15 64 0 23 46 16 3 25 76 35 19 40 52 38 4 95 46 8 0 69 22 80 30 71 13 79 35 48 6 2 92 33 4 44 49 31 21 68 86 68 48 77 23 69 73 86 64 17 78 25 79 95 55 94 58 40 71 54 42 16 71 70 49 34 3 85 96 43 6 0 94 86 74 53 43 38 
58 46 58 53 87 9 24 40 13 7 63 87 29 67 57 3 81 96 24 68 4 81 97 10 18 17 49 35 26 85 79 45 23 46 19 42 29 25 18 7 97 61 85 0 72 4 45 19 44 54 67 96 49 32 44 86 45 37 65 38 72 2 78 39 42 5 44 37 27 74 82 26 61 6 50 26 25 2 70 95 53 74 16 5 64 10 68 80 50 65 90 10 1 43 60 45 19 48 92 92 
23 45 56 57 56 58 62 24 49 0 20 60 7 17 24 73 99 10 26 6 6 39 18 46 20 48 43 90 13 19 66 67 58 84 50 60 13 13 87 5 1 35 27 77 0 94 43 27 47 65 85 5 23 58 92 6 32 93 76 95 31 42 65 66 81 72 32 48 40 17 16 17 3 54 87 87 63 14 0 25 72 34 67 29 39 15 21 97 90 11 0 42 57 70 15 6 14 64 93 69 
41 29 21 63 52 50 7 10 72 41 51 92 93 90 25 47 76 94 20 38 99 57 40 60 79 86 45 62 67 4 67 90 62 4 2 9 9 89 53 57 2 48 6 32 93 0 30 9 30 10 29 62 24 20 4 85 12 64 39 88 41 13 20 29 25 73 20 87 2 94 41 79 0 7 34 13 84 11 24 50 34 5 66 99 7 16 18 70 93 52 45 93 22 93 20 0 12 26 27 52 
4 13 34 56 94 79 1 87 43 70 53 68 39 45 24 61 33 99 35 47 15 74 82 8 64 76 3 58 29 28 30 41 8 81 67 72 13 50 90 35 53 48 0 100 91 28 0 19 77 16 69 13 25 21 6 48 91 52 39 51 51 5 12 97 50 26 44 95 100 21 67 73 89 62 17 76 51 32 69 12 95 50 33 18 13 32 52 94 16 51 36 44 76 12 40 15 97 3 43 42 
89 88 88 60 31 75 27 46 5 3 60 33 1 100 75 24 39 37 95 45 0 82 51 92 28 99 38 36 33 55 30 94 41 34 53 97 65 88 100 7 88 7 64 72 63 64 84 0 78 29 9 74 23 83 85 17 4 33 41 94 20 84 90 42 45 66 38 28 92 64 56 36 97 52 93 58 53 38 58 6 40 27 57 14 97 94 31 62 19 5 26 72 46 32 60 2 78 27 58 24 
72 62 83 86 79 86 99 0 70 98 43 14 29 19 89 50 68 45 96 99 73 29 92 22 13 15 34 96 59 50 46 2 49 48 71 44 78 15 47 50 88 75 28 82 89 68 74 87 0 64 30 71 5 30 35 87 84 59 23 17 42 85 71 55 81 35 75 29 99 43 31 15 59 84 56 79 29 7 31 27 98 75 77 81 48 12 69 86 100 69 67 84 9 63 76 28 33 80 91 25 
96 24 35 75 83 38 78 66 28 60 75 57 98 65 37 66 73 56 35 44 57 20 52 99 12 17 64 81 85 25 8 4 6 86 77 78 11 12 1 95 37 17 32 97 85 40 13 57 98 0 10 96 99 71 12 6 74 13 28 48 21 50 93 62 38 59 64 30 32 38 72 36 39 65 80 84 58 69 50 32 44 8 38 72 98 37 51 96 81 65 1 31 55 92 94 12 92 75 61 63 
40 94 3 2 24 10 49 25 69 87 69 86 20 61 73 29 41 65 76 65 94 13 90 88 41 62 91 56 16 78 29 99 73 64 88 15 17 19 39 53 91 85 33 30 69 35 50 5 25 18 0 64 98 77 49 83 50 91 19 23 36 97 29 100 88 80 20 54 24 93 88 49 35 13 11 1 31 45 27 88 40 100 15 84 99 67 24 17 54 69 12 25 55 47 78 5 14 95 87 54 
3 24 55 21 74 48 24 23 92 25 11 3 45 69 61 82 24 34 72 100 49 94 24 64 17 74 79 8 34 6 28 100 21 33 99 68 53 34 80 99 64 72 8 31 63 86 96 10 39 97 69 0 47 28 77 55 57 54 10 91 13 62 8 66 71 24 59 99 16 47 46 74 92 56 65 2 17 8 5 88 2 74 98 40 53 60 89 70 0 30 27 50 64 12 97 90 96 27 28 83 
50 58 27 0 87 23 73 96 21 69 30 7 82 55 62 16 50 11 47 75 82 80 51 98 50 16 58 14 49 51 15 70 37 21 90 52 32 15 28 9 30 61 78 60 6 71 70 49 13 10 26 21 0 25 42 56 64 30 6 4 83 30 41 54 69 90 42 39 5 84 94 91 100 33 78 0 67 29 20 52 63 61 85 95 39 59 82 19 29 79 18 63 94 88 65 37 95 45 42 94 
3 74 10 66 11 32 65 64 59 37 56 95 60 39 34 32 31 35 85 66 77 82 14 51 25 61 41 93 96 43 30 52 48 30 100 9 98 99 75 71 64 21 48 91 49 50 48 57 79 97 32 33 68 0 41 0 12 27 11 98 61 37 51 0 51 35 11 89 20 10 19 28 5 99 84 52 77 70 11 44 56 66 23 84 52 68 72 32 2 64 7 25 76 49 93 23 83 61 73 71 
57 71 37 37 7 28 89 70 37 69 54 84 51 57 42 80 99 45 58 90 14 65 8 70 86 81 61 54 78 3 16 90 40 72 10 26 23 62 35 60 15 83 21 45 79 89 18 98 22 4 43 57 22 1 0 95 71 30 12 52 92 45 97 9 100 21 41 22 36 99 49 0 41 57 51 85 49 57 63 4 52 47 42 26 17 25 44 100 59 49 31 88 51 22 14 39 62 12 9 59 
53 73 51 69 0 1 51 61 92 38 54 81 23 73 10 92 73 79 32 44 90 45 14 45 37 11 87 1 47 85 31 76 92 98 99 1 6 99 60 93 69 91 4 87 42 29 46 66 69 99 0 31 43 52 30 0 77 81 56 69 53 33 100 34 41 98 19 47 98 17 48 36 22 77 16 26 40 20 66 86 48 34 46 26 67 3 32 50 44 72 7 29 74 63 22 78 39 89 94 23 
47 63 39 10 34 43 46 12 40 34 19 70 63 75 77 72 25 10 28 38 12 47 15 74 51 20 31 58 9 99 60 67 88 77 33 35 43 25 19 15 46 14 87 76 79 81 68 65 40 9 96 93 72 56 38 11 0 46 64 85 33 64 4 39 97 81 2 26 9 2 54 26 9 26 22 67 71 35 76 82 4 26 71 81 28 28 51 72 29 18 50 13 49 26 87 74 90 37 34 27 
52 68 16 15 41 24 35 8 26 100 9 89 61 32 43 90 38 43 0 40 86 0 43 35 45 93 10 79 7 15 33 38 43 66 59 26 25 95 77 60 60 39 91 0 27 0 13 31 19 50 28 76 54 36 71 30 7 0 2 15 3 20 83 55 64 26 80 75 11 45 39 53 17 71 78 61 51 9 21 3 17 59 95 65 63 30 100 16 25 26 34 26 67 28 83 77 66 3 62 82 
61 12 51 4 36 27 24 60 99 41 50 60 50 94 25 94 41 36 46 67 48 70 12 58 24 97 24 83 56 89 24 92 77 61 61 40 76 22 44 46 86 24 5 66 91 50 29 61 44 52 24 78 73 9 30 38 90 5 0 7 11 90 21 3 82 55 27 46 75 83 96 2 3 77 30 40 42 60 59 81 25 18 39 30 98 36 66 53 10 24 19 25 96 83 23 83 80 16 29 52 
79 22 3 93 35 49 42 31 88 56 42 83 48 89 28 38 100 75 6 45 64 59 12 20 3 53 3 84 82 38 9 41 83 49 67 79 74 87 28 59 84 63 55 50 37 20 18 73 93 16 90 43 60 93 28 0 38 68 90 0 15 87 1 26 41 86 78 69 69 37 73 79 98 45 83 15 13 39 34 68 80 64 48 8 8 91 5 82 91 74 38 77 71 97 90 60 29 68 10 96 
53 90 28 30 42 71 94 31 15 21 42 26 68 54 16 29 93 47 60 25 27 75 35 30 89 70 80 6 77 44 25 11 24 96 100 70 39 38 60 58 58 80 27 46 11 55 45 83 86 37 40 55 50 44 33 94 46 94 71 30 0 86 10 74 85 45 36 11 27 22 15 53 86 69 23 54 61 89 10 87 62 21 0 58 48 93 62 54 16 64 32 91 34 43 13 27 31 33 4 16 
30 66 42 56 7 32 7 53 74 58 98 84 6 62 77 50 9 23 36 76 38 35 32 32 65 35 52 57 0 38 44 35 2 78 4 77 66 34 91 49 43 27 78 25 91 82 19 31 57 89 66 13 89 66 30 70 63 90 32 82 4 0 62 51 23 53 57 14 62 95 1 57 69 24 39 78 61 48 58 85 45 75 85 73 97 4 75 35 18 71 65 28 23 89 67 98 8 2 40 18 
23 15 61 81 43 15 71 72 84 94 93 88 56 75 57 29 15 9 96 12 1 12 0 61 49 46 84 41 52 98 68 31 45 100 97 52 15 53 37 75 94 42 3 45 57 40 16 75 34 21 77 17 25 81 99 23 89 16 59 72 31 53 0 46 31 58 81 61 74 41 87 56 10 46 59 8 46 75 19 21 30 50 17 36 90 33 37 83 39 72 33 7 63 1 55 87 48 52 67 82 
96 83 91 13 63 34 56 7 81 96 34 37 64 33 53 92 2 24 59 11 30 64 74 47 64 57 15 82 65 51 60 39 82 58 11 56 75 63 79 2 83 9 72 95 12 30 31 33 55 35 58 6 83 56 22 64 67 59 43 71 87 95 78 0 29 56 9 48 8 80 44 23 68 61 50 91 28 50 18 14 19 94 40 93 99 77 76 40 60 37 40 0 15 54 25 60 64 99 30 98 
77 59 77 86 30 36 58 33 97 41 91 45 68 77 69 15 34 74 97 92 6 40 68 52 97 1 77 6 20 37 12 100 70 52 76 56 36 64 29 96 64 79 90 69 9 70 46 92 75 57 21 48 31 44 35 71 48 75 83 7 83 24 87 88 0 34 1 93 71 54 38 98 100 29 74 1 66 44 47 5 99 38 17 14 55 20 32 16 85 76 70 52 2 12 5 5 99 50 19 48 
44 55 74 65 82 70 92 16 33 30 33 21 42 81 54 72 21 89 47 42 7 0 4 14 21 21 96 62 47 79 8 98 22 82 83 71 60 13 18 84 45 42 78 36 94 80 63 93 90 61 31 47 92 43 91 69 85 87 9 61 77 98 97 12 57 0 90 10 24 21 78 35 100 25 63 20 84 53 75 62 51 6 65 44 24 2 6 21 65 30 14 81 86 30 39 4 98 19 91 59 
100 65 5 88 63 88 8 16 0 31 87 60 37 52 56 44 48 30 97 55 52 60 12 30 4 88 97 34 31 14 69 46 24 17 100 63 64 6 33 78 71 68 68 6 60 13 45 52 71 81 0 0 71 96 45 4 95 45 54 53 22 7 77 5 38 18 0 85 35 62 91 24 19 91 55 8 59 59 21 15 1 16 95 83 48 33 90 59 100 40 64 20 93 99 99 13 14 46 30 79 
7 9 97 21 84 97 83 4 83 21 0 50 26 46 1 14 65 88 1 3 80 14 34 51 80 34 21 59 53 51 43 49 16 5 71 36 91 91 97 30 8 49 9 14 9 88 41 0 3 39 23 97 57 51 58 96 64 47 85 53 87 64 62 85 36 5 66 0 96 99 0 99 95 17 50 22 77 73 94 94 27 3 40 54 15 100 84 63 81 47 62 5 48 55 37 57 22 53 71 68 
39 44 35 42 56 58 63 95 61 56 57 21 85 77 2 80 62 35 97 45 84 22 15 87 9 83 89 28 93 70 9 67 6 46 41 23 54 16 0 25 32 87 36 1 85 82 85 94 29 63 29 29 60 23 25 40 61 85 18 41 61 89 30 43 66 70 64 22 0 15 57 63 77 42 92 15 36 90 45 48 66 1 72 2 93 69 5 21 94 55 45 7 32 27 75 89 27 54 83 56 
88 8 39 100 89 71 45 3 53 52 88 58 27 12 64 31 98 94 72 40 68 53 95 48 53 85 1 2 94 54 24 25 37 58 0 31 47 11 47 2 35 49 8 23 43 7 1 87 74 68 40 18 17 67 79 74 34 19 84 90 54 88 91 62 1 44 3 57 45 0 13 44 74 51 74 89 59 38 58 59 75 10 56 18 27 13 43 59 94 76 52 23 15 80 64 69 91 5 66 47 
89 6 42 85 54 78 75 100 83 17 38 4 73 88 7 9 67 5 75 84 32 36 38 51 92 76 19 14 95 64 88 68 88 18 44 46 21 21 16 27 69 89 91 85 39 33 85 82 71 33 83 75 51 11 84 88 46 41 6 1 7 26 91 37 75 45 100 36 21 100 0 44 62 29 7 30 27 67 22 62 85 76 56 44 9 36 10 72 23 97 88 87 92 72 71 68 95 59 99 83 
49 81 68 38 59 88 64 15 98 8 63 63 74 21 51 49 27 99 54 36 39 7 52 98 72 59 31 15 74 52 6 58 8 39 72 70 27 75 51 87 95 50 73 2 16 50 59 59 55 75 47 89 41 15 30 15 22 75 66 23 42 28 65 28 70 27 61 48 85 8 69 0 88 32 63 67 30 14 64 9 38 58 23 51 32 41 92 97 5 48 94 4 46 52 62 26 84 32 4 31 
28 97 67 35 43 97 84 29 45 7 100 83 30 82 0 19 63 6 64 41 86 89 17 59 14 30 62 94 42 7 38 60 47 12 30 88 67 62 31 28 71 73 63 46 82 98 58 95 70 96 53 92 90 66 83 82 11 32 8 16 93 13 94 94 32 2 72 98 14 15 49 44 0 76 66 41 17 98 20 1 16 20 61 52 63 67 92 39 79 37 16 31 21 24 81 0 91 2 32 78 
83 25 6 5 25 22 67 46 4 20 97 46 33 29 23 85 77 32 50 30 58 16 98 4 99 97 40 17 94 13 44 25 10 24 40 49 93 53 50 71 63 27 47 45 67 49 51 38 44 50 11 11 49 64 51 91 82 37 28 81 1 57 66 8 39 51 82 57 45 13 68 20 8 0 30 75 63 61 67 24 42 70 22 35 63 11 32 20 40 42 36 6 53 49 73 100 8 28 45 52 
25 85 17 54 6 21 3 89 4 17 61 74 90 59 52 7 59 0 77 16 23 98 36 27 21 73 35 89 56 17 15 22 79 51 39 36 28 58 20 97 97 22 2 65 61 11 98 91 29 26 21 70 70 12 52 12 54 94 100 67 53 8 100 42 66 97 31 51 45 49 80 67 48 28 0 43 75 9 71 5 46 98 97 49 64 13 58 26 74 88 54 24 80 80 47 21 42 29 43 27 
99 62 76 53 23 80 57 82 87 9 17 62 51 0 92 11 19 0 80 89 51 40 100 49 80 29 17 46 34 24 37 20 34 2 78 11 66 6 1 8 8 20 94 83 42 66 70 20 7 58 87 51 30 67 70 4 28 1 91 38 77 72 84 72 60 21 19 39 21 56 80 95 26 22 29 0 39 43 37 49 9 8 28 21 41 10 79 4 56 37 83 57 34 31 91 25 3 63 33 78 
92 93 91 66 1 8 68 93 74 19 35 28 6 53 99 74 43 95 24 25 19 43 79 87 13 28 64 17 2 61 57 11 97 51 44 59 28 14 56 8 32 57 9 19 86 97 59 37 98 41 91 66 31 17 25 38 53 1 3 85 62 44 55 82 21 1 31 99 78 28 32 39 39 81 87 59 0 59 73 62 42 29 84 61 45 79 12 91 87 17 88 100 64 55 93 52 54 22 21 45 
68 75 27 45 49 22 5 66 56 60 9 91 19 65 87 29 78 96 75 61 31 53 93 67 77 59 81 18 58 7 44 51 29 37 57 60 40 24 62 81 28 25 15 1 81 88 97 85 77 40 60 39 30 97 12 48 10 16 95 15 12 48 6 35 29 19 10 60 14 57 81 34 79 45 77 85 9 0 63 53 27 53 61 30 44 77 79 27 64 68 77 24 30 41 37 61 69 60 80 5 
17 68 45 8 54 22 71 8 46 13 59 52 97 2 13 15 15 23 77 95 61 76 24 72 88 44 71 3 0 48 99 41 34 100 15 50 62 42 5 69 82 57 12 59 83 87 18 96 21 3 81 54 54 77 78 90 99 99 73 15 7 50 6 51 19 87 36 57 79 50 42 45 47 87 63 89 47 26 0 0 3 20 51 50 36 52 48 5 8 63 28 67 99 76 18 12 6 24 67 59 
50 76 67 68 58 44 5 31 24 29 80 66 93 17 6 2 98 19 70 100 27 42 7 2 93 43 46 73 60 77 68 11 10 93 42 91 9 78 9 98 40 38 75 67 11 77 30 84 28 14 3 12 96 83 54 32 88 2 41 37 86 22 10 100 6 81 50 82 83 56 88 86 23 64 38 94 18 67 2 0 39 2 8 23 5 98 55 36 33 13 41 78 22 8 93 62 76 92 42 20 
91 39 47 30 71 33 78 38 13 50 100 34 27 28 64 29 60 29 55 56 42 89 1 100 18 20 39 37 51 52 48 11 89 48 94 18 5 18 76 8 0 66 93 44 92 39 14 90 78 93 57 19 65 18 33 34 68 7 89 99 75 59 35 60 66 17 27 70 80 100 22 55 6 63 10 82 63 72 5 44 0 99 58 7 79 51 10 28 8 33 34 55 99 40 14 82 5 36 91 97 
18 87 98 6 96 77 75 30 3 98 66 30 0 21 87 100 80 91 58 30 31 98 91 70 83 69 93 74 25 48 95 70 76 44 81 69 73 92 59 23 99 23 74 54 93 57 66 60 1 32 85 92 36 95 14 96 56 69 71 52 53 98 73 14 0 73 99 46 1 22 23 4 19 70 95 50 10 77 17 44 40 0 68 31 62 72 80 68 0 45 2 96 52 4 18 84 4 57 62 50 
72 18 34 86 61 5 36 56 46 38 30 0 42 26 28 50 2 56 12 50 24 50 18 47 64 7 35 32 1 44 60 78 92 76 26 68 60 78 34 29 79 49 61 55 44 25 47 43 97 73 45 28 40 35 81 90 30 61 7 49 84 62 41 94 42 95 35 6 82 73 48 45 10 67 90 1 2 18 71 38 25 91 0 98 17 25 41 36 34 89 89 75 87 19 3 36 72 76 78 45 
85 54 18 61 94 40 72 0 96 16 67 15 94 65 36 6 70 57 83 18 93 45 27 39 4 80 11 35 87 23 27 62 11 64 19 28 64 38 13 86 74 85 35 55 43 2 1 30 50 76 82 45 46 30 39 24 16 52 59 53 69 97 43 54 30 89 57 74 78 53 54 57 54 57 79 92 32 34 21 65 83 52 94 0 50 25 56 11 1 100 0 97 7 24 79 21 13 9 65 30 
24 84 2 50 92 89 38 0 14 54 69 26 54 92 32 77 63 73 59 46 67 84 18 80 42 32 88 87 23 23 76 1 32 6 87 60 71 24 40 50 51 58 22 75 19 20 94 40 90 91 57 57 19 63 19 83 57 71 54 44 58 1 65 67 6 26 40 10 0 63 62 13 89 66 65 9 45 65 87 23 58 84 36 97 0 39 83 2 29 10 93 46 1 29 21 63 69 28 83 56 
10 46 66 6 36 70 33 8 83 70 72 38 29 86 70 7 17 10 43 45 74 45 79 57 1 83 41 19 0 78 18 20 24 98 23 93 99 9 97 71 3 5 11 50 38 31 71 77 66 39 62 81 22 91 56 4 2 71 0 17 55 64 76 89 58 79 87 85 85 79 42 11 21 29 48 11 33 97 20 2 35 81 11 94 81 0 15 10 88 31 68 74 53 50 7 26 95 70 64 18 
84 12 75 56 70 98 12 11 59 4 66 1 85 53 15 72 80 93 91 98 18 27 96 16 29 32 76 88 44 47 17 1 61 6 40 51 54 19 29 26 1 16 13 67 44 19 80 17 73 3 43 63 56 69 57 65 79 56 31 78 77 32 85 89 32 22 1 74 97 86 22 96 25 97 7 12 87 89 96 59 18 40 28 81 18 90 0 1 47 10 96 80 87 4 62 59 92 63 79 42 
42 12 67 82 16 33 50 6 9 83 0 15 89 12 99 14 12 4 96 15 2 77 69 86 51 16 32 55 37 20 85 1 90 38 72 1 53 85 99 94 73 31 60 86 78 95 56 26 36 48 27 22 34 64 75 99 20 74 4 51 87 31 26 48 37 96 50 87 7 19 85 11 87 22 44 90 76 8 80 3 42 55 72 91 10 46 72 0 7 47 73 12 2 94 13 65 94 34 27 35 
61 16 49 26 72 28 46 99 13 73 13 85 1 26 52 53 70 68 59 9 91 12 35 14 90 80 41 84 88 20 48 45 57 98 73 6 43 43 100 38 56 93 46 46 98 84 38 67 2 62 68 27 78 72 51 82 65 60 39 23 29 61 51 94 68 6 97 22 21 37 34 3 29 41 15 16 76 26 16 62 22 47 28 72 49 9 92 23 0 36 30 88 61 83 11 67 81 68 33 38 
64 49 16 30 47 30 2 20 54 72 22 32 28 98 82 99 77 32 11 66 95 72 21 61 80 29 42 41 72 79 80 53 58 92 46 12 93 73 99 63 51 10 43 28 11 90 94 41 13 32 36 82 42 18 89 90 94 62 39 98 3 0 11 53 31 87 6 8 45 95 75 4 16 69 76 69 39 98 58 18 69 96 73 10 15 72 81 7 81 0 46 32 42 84 70 2 97 17 17 68 
39 66 95 71 53 81 27 64 44 51 52 18 99 7 21 40 9 44 52 71 98 50 46 68 49 87 29 78 4 71 92 39 37 99 22 4 64 78 51 54 69 2 91 11 39 44 72 56 0 30 39 67 87 61 55 49 74 56 43 74 41 63 90 50 87 99 20 75 49 48 1 95 83 84 18 42 58 94 74 44 58 85 23 72 75 18 65 95 97 19 0 23 30 75 56 48 72 11 50 9 
18 14 63 15 6 19 88 100 19 29 8 74 41 40 61 67 98 39 65 53 56 36 3 76 59 20 46 3 6 1 90 58 50 34 44 41 10 12 1 23 20 21 44 71 40 30 52 91 50 73 56 40 70 64 74 27 59 8 36 78 85 46 52 15 22 64 2 85 43 87 55 70 60 2 3 49 97 91 92 28 85 15 72 16 73 48 51 11 58 3 73 0 48 27 13 14 34 56 27 69 
21 31 95 19 67 31 44 67 82 66 8 41 96 12 9 52 0 93 25 40 96 17 29 97 51 81 66 92 35 76 86 79 98 27 70 75 23 65 80 77 24 60 99 59 29 48 1 27 98 95 10 59 86 36 13 94 48 82 81 70 55 31 13 57 5 31 99 30 95 28 87 22 32 53 54 86 85 76 82 18 54 24 90 48 75 95 84 88 60 39 0 35 0 42 40 32 36 19 55 21 
50 4 57 33 71 90 31 36 33 86 13 2 53 72 52 43 19 97 51 74 59 20 62 63 22 49 80 67 9 70 16 43 94 50 34 47 6 36 85 91 38 56 19 63 46 100 52 4 43 18 45 7 38 76 62 29 68 63 87 32 30 47 89 98 63 37 69 72 48 71 3 41 50 4 87 5 6 81 55 45 24 68 10 65 77 89 22 76 80 20 98 15 73 0 22 18 40 45 21 4 
85 4 18 50 81 30 71 74 93 46 46 38 64 85 28 59 33 100 33 29 13 44 83 65 94 61 57 39 52 5 7 66 66 34 16 32 84 37 45 93 73 10 55 64 38 68 100 71 100 52 100 69 80 64 100 44 34 34 37 0 7 12 66 58 55 99 4 30 5 72 54 77 1 52 79 25 14 32 59 33 41 100 90 44 91 7 27 2 77 54 78 11 83 58 0 40 36 95 94 94 
11 71 17 15 95 78 10 92 88 20 7 24 55 10 82 34 14 90 15 90 1 7 42 37 36 1 19 73 65 61 18 64 16 26 83 25 99 74 32 5 18 65 46 0 13 91 89 50 42 31 8 70 37 3 98 87 59 57 26 79 3 3 66 52 41 2 33 87 75 39 41 22 0 12 70 88 49 69 70 39 48 20 23 76 88 99 39 83 91 10 94 41 89 15 16 0 10 88 10 72 
67 35 83 21 69 17 91 28 19 54 92 9 73 69 18 49 6 8 90 60 81 44 62 35 91 98 84 0 60 14 87 60 53 83 29 91 88 56 70 70 23 75 52 25 9 41 78 16 52 39 3 16 96 49 77 60 5 86 7 52 81 37 33 71 98 1 37 30 34 73 58 38 4 89 46 98 93 4 67 81 97 53 87 85 67 64 61 33 31 43 80 39 66 31 37 73 0 44 100 68 
96 20 27 1 89 75 89 73 97 78 27 88 41 58 62 28 17 50 6 89 45 20 88 6 77 78 87 64 34 86 35 42 5 30 81 56 35 67 71 78 40 36 8 14 34 92 100 24 98 100 38 100 1 12 71 84 86 95 39 47 4 52 32 27 99 16 67 62 30 65 56 23 37 38 76 100 25 43 50 14 90 99 49 87 30 76 39 57 65 94 84 61 93 7 9 94 46 0 78 6 
37 80 97 46 46 87 83 3 21 32 96 53 55 30 43 19 99 88 79 4 41 26 36 42 89 42 7 63 72 81 95 93 72 30 61 21 58 51 82 78 38 1 36 8 80 34 29 86 63 85 27 73 29 66 30 10 8 100 45 73 23 99 6 34 90 74 3 12 61 23 60 48 23 4 61 85 51 7 38 13 89 74 7 31 87 23 63 73 10 48 4 98 86 86 66 70 30 94 0 74 
62 13 91 45 60 98 68 42 30 65 72 94 1 12 47 53 88 12 42 81 56 66 30 4 87 26 76 82 27 24 33 33 3 81 43 46 22 95 60 3 88 20 29 4 75 93 51 32 60 21 59 32 47 71 67 13 61 76 94 47 17 15 58 59 65 58 17 75 100 16 1 89 21 32 72 80 4 70 31 6 18 75 0 92 89 2 95 23 44 65 10 45 71 72 4 97 86 73 30 0 
4
68 28 92 61 73 3 21 32 $



