500 1500
1 2 1000
1 207 636
1 321 585
1 383 720
2 3 1000
2 274 1288
3 4 1000
3 226 561
3 288 1170
3 470 1022
4 5 1000
4 20 1115
4 36 1185
4 75 983
4 489 927
5 6 1000
5 27 1432
5 85 725
5 92 1259
5 371 950
6 7 1000
6 28 918
6 354 1445
6 360 951
7 8 1000
7 246 653
7 283 737
7 298 643
7 458 1075
8 9 1000
8 109 676
8 230 1499
8 251 744
8 280 1440
8 488 1477
9 10 1000
9 22 606
9 50 530
9 487 978
10 11 1000
10 30 1026
10 34 588
10 177 754
10 251 618
10 312 859
10 379 1070
10 420 584
10 437 1432
10 451 967
10 463 1057
11 12 1000
11 226 614
11 358 1096
12 13 1000
12 14 1410
13 14 1000
13 161 1050
13 209 829
13 280 865
13 490 1386
13 493 682
13 500 1281
14 15 1000
14 88 1421
14 111 1137
14 112 1453
14 460 1449
15 16 1000
15 104 588
15 290 1060
15 398 638
16 17 1000
16 193 879
16 271 568
17 18 1000
17 60 1451
17 142 776
17 163 974
18 19 1000
18 432 678
19 20 1000
19 28 1263
19 215 1398
19 318 1446
19 336 1243
20 21 1000
20 27 841
20 139 584
20 196 1225
20 349 880
20 375 1212
20 403 1315
20 461 1309
21 22 1000
21 34 1417
21 100 552
21 492 967
22 23 1000
22 56 506
22 142 1272
22 183 836
23 24 1000
23 195 754
23 268 1163
23 372 726
23 390 819
23 412 1370
23 446 782
24 25 1000
24 72 571
24 180 896
24 391 762
25 26 1000
25 267 1124
25 417 692
25 449 1040
25 470 1186
26 2 515
26 27 1000
26 59 612
26 450 881
27 28 1000
27 252 678
28 29 1000
28 111 650
28 166 507
28 285 1074
28 324 1284
28 334 1145
28 480 982
29 30 1000
29 400 965
30 31 1000
30 118 1486
30 134 802
30 189 663
30 446 769
30 466 940
31 32 1000
31 252 804
32 33 1000
32 47 701
32 85 685
32 147 938
32 260 1105
32 317 963
32 333 1274
32 389 1221
33 34 1000
33 111 1015
33 129 976
33 235 699
33 269 1450
33 344 974
33 348 1181
33 410 1458
33 434 1415
34 35 1000
34 52 1172
34 143 1440
34 476 920
35 36 1000
35 90 1228
35 315 956
35 362 1472
36 37 1000
36 391 1116
36 456 1451
37 38 1000
37 206 903
37 293 563
37 374 556
37 389 1123
38 15 1199
38 39 1000
38 80 1417
38 158 815
38 255 642
38 286 815
38 426 1265
39 7 715
39 16 1356
39 30 1273
39 31 1277
39 40 1000
39 133 1411
39 184 1093
39 242 1400
39 260 517
40 41 1000
40 179 764
40 188 1048
40 202 918
40 412 721
41 42 1000
41 156 989
41 200 1172
41 380 997
41 392 718
41 416 728
42 17 1465
42 43 1000
42 269 899
42 282 1409
42 423 1466
43 44 1000
44 13 1152
44 45 1000
44 105 900
44 117 918
45 46 1000
45 161 641
45 250 1345
46 11 594
46 32 1201
46 47 1000
46 157 915
46 195 1324
46 357 579
46 431 655
47 48 1000
47 145 552
47 427 569
48 49 1000
49 50 1000
49 257 1176
49 327 1019
49 361 902
50 51 1000
50 191 690
50 448 1313
51 52 1000
51 88 1146
51 188 1381
52 34 852
52 53 1000
53 54 1000
53 181 906
53 274 974
54 55 1000
54 74 604
54 113 1331
54 316 1164
54 352 787
55 56 1000
55 185 609
55 278 1380
55 449 756
56 57 1000
56 179 1261
56 222 975
57 58 1000
58 30 741
58 59 1000
58 113 635
58 264 1099
58 319 869
58 372 1222
59 60 1000
59 103 1077
59 327 1183
59 390 1173
60 20 1166
60 61 1000
60 184 1001
60 330 1352
61 8 764
61 62 1000
61 166 1499
61 412 868
62 63 1000
62 153 1138
62 241 1227
63 64 1000
63 205 909
63 302 1447
64 65 1000
65 66 1000
65 69 779
65 165 618
65 196 845
65 342 835
66 67 1000
66 74 764
66 303 705
67 68 1000
67 105 935
67 132 802
67 432 599
68 69 1000
68 187 505
68 231 609
68 364 688
69 57 513
69 70 1000
69 161 1298
69 236 821
69 410 1208
69 496 748
70 71 1000
70 104 978
71 4 861
71 57 647
71 72 1000
71 215 1444
72 34 1293
72 55 566
72 73 1000
72 136 765
72 266 1110
72 277 1391
72 387 953
72 394 1352
73 3 935
73 74 1000
73 266 1470
74 75 1000
74 180 1247
74 306 1087
75 76 1000
75 276 568
75 296 1089
75 304 1436
75 435 804
76 17 720
76 77 1000
76 88 675
77 78 1000
77 145 618
77 354 828
77 422 1469
78 63 529
78 79 1000
78 197 803
79 80 1000
79 178 996
79 233 824
79 254 1148
79 386 1351
79 390 635
80 81 1000
80 83 1328
80 195 1092
81 71 933
81 82 1000
81 169 750
81 244 1212
82 83 1000
82 442 562
83 84 1000
83 102 1127
83 227 649
84 85 1000
84 385 1398
84 438 931
84 458 658
84 459 1479
84 490 941
85 86 1000
85 304 1275
86 47 538
86 77 1161
86 87 1000
86 206 707
86 238 984
86 335 1012
86 470 935
87 88 1000
87 403 650
88 89 1000
88 161 569
88 197 608
88 398 1248
89 90 1000
89 364 688
89 415 1270
89 430 814
90 91 1000
90 247 762
90 417 501
91 92 1000
91 221 1358
91 493 1463
92 31 607
92 90 660
92 93 1000
92 212 829
92 288 747
93 94 1000
94 20 746
94 72 1324
94 95 1000
94 273 571
95 96 1000
95 211 1220
95 218 1467
95 243 1268
96 24 887
96 97 1000
96 173 967
96 371 535
96 407 1389
97 98 1000
97 167 1121
98 39 1269
98 99 1000
98 298 925
99 100 1000
99 332 1368
99 414 621
100 64 879
100 101 1000
100 121 1337
100 383 1047
100 461 1271
101 93 1441
101 102 1000
101 256 932
101 467 1237
102 29 1333
102 103 1000
102 166 1437
102 357 987
102 398 754
103 24 1414
103 42 1413
103 67 1046
103 104 1000
103 187 1405
103 337 1016
103 480 573
104 68 1332
104 105 1000
105 106 1000
105 119 1457
106 107 1000
107 108 1000
107 327 1353
107 463 1125
108 109 1000
108 248 1315
109 110 1000
110 38 741
110 111 1000
110 368 601
110 447 1046
111 83 1400
111 112 1000
111 184 1217
111 261 1175
111 312 1220
112 87 1133
112 113 1000
112 138 1077
112 180 1088
112 204 521
112 289 1219
113 47 986
113 114 1000
113 157 698
113 201 621
113 470 926
114 108 983
114 115 1000
114 248 1264
114 306 1441
114 374 855
114 488 583
115 116 1000
115 315 831
115 425 797
115 436 1337
115 484 537
116 117 1000
116 231 535
116 268 872
116 307 781
117 93 529
117 118 1000
117 277 745
117 322 1190
118 66 700
118 72 914
118 82 985
118 119 1000
118 310 785
118 410 1086
119 49 1210
119 94 953
119 120 1000
119 350 1244
119 486 1059
120 121 1000
120 412 1007
121 90 902
121 104 656
121 122 1000
121 217 659
121 288 976
121 499 571
122 123 1000
123 74 935
123 124 1000
123 252 524
124 125 1000
124 495 906
125 59 939
125 113 1374
125 119 865
125 126 1000
125 142 647
125 262 1049
125 353 1140
125 433 592
126 113 1089
126 124 1467
126 127 1000
126 224 713
126 396 655
127 128 1000
127 217 529
128 129 1000
128 208 1005
128 239 923
128 393 698
129 130 1000
129 246 1345
129 281 630
129 374 737
130 131 1000
130 360 1031
130 435 1131
130 454 1044
131 19 560
131 106 1083
131 132 1000
131 223 1276
131 361 1437
132 47 1297
132 133 1000
133 122 1335
133 134 1000
133 323 883
133 409 1204
134 19 579
134 135 1000
134 205 1488
134 306 592
135 9 542
135 136 1000
136 137 1000
136 309 1414
137 138 1000
137 465 1490
138 139 1000
138 172 531
138 217 944
138 288 917
138 295 1226
138 363 861
138 436 1068
138 498 1398
139 140 1000
140 141 1000
140 196 1435
140 237 1454
140 499 686
141 30 1113
141 94 1029
141 142 1000
142 143 1000
142 214 1299
143 27 1087
143 144 1000
143 163 1025
143 205 514
143 218 1352
144 145 1000
144 195 751
145 146 1000
145 168 1203
145 217 1048
145 231 767
145 340 1217
145 395 715
146 147 1000
146 205 1493
146 358 992
147 148 1000
147 208 791
148 149 1000
148 253 865
148 319 778
148 357 653
149 11 803
149 75 547
149 150 1000
149 426 541
150 151 1000
151 17 669
151 152 1000
151 394 1285
151 467 501
152 16 1483
152 153 1000
152 338 873
153 68 991
153 154 1000
153 175 1425
153 179 640
153 378 1158
154 34 1044
154 155 1000
154 251 1151
154 348 1121
154 390 1139
154 480 1224
154 486 652
155 156 1000
155 166 1077
155 357 977
156 22 1305
156 157 1000
156 254 910
156 428 1167
157 7 719
157 18 595
157 33 1393
157 158 1000
157 190 637
157 363 1442
158 38 1369
158 103 1314
158 126 823
158 159 1000
158 474 945
159 160 1000
159 166 1063
159 286 734
160 100 821
160 149 1127
160 161 1000
160 400 986
161 109 968
161 160 1057
161 162 1000
161 276 968
161 474 1444
162 65 1025
162 93 525
162 151 1012
162 163 1000
163 103 1412
163 164 1000
163 434 1141
163 439 1216
163 477 1120
164 165 1000
164 309 707
164 362 1096
164 407 880
165 45 700
165 162 1000
165 166 1000
165 201 640
165 203 1254
166 167 1000
166 498 1327
167 129 1314
167 141 690
167 168 1000
167 367 1438
167 444 1156
168 66 1156
168 86 964
168 169 1000
168 245 975
168 279 905
168 330 771
168 493 841
169 64 1068
169 170 1000
169 312 822
169 336 1060
169 455 1266
170 28 995
170 108 630
170 171 1000
170 183 571
170 405 874
171 106 1024
171 116 817
171 172 1000
171 374 754
172 25 1391
172 147 681
172 173 1000
172 174 1045
172 273 925
173 134 831
173 174 1000
173 466 997
174 175 1000
174 238 513
174 266 1166
174 425 1233
175 21 1177
175 176 1000
175 238 1350
175 363 984
176 34 540
176 64 1309
176 163 1241
176 177 1000
176 460 1079
177 150 930
177 178 1000
177 272 731
178 179 1000
178 270 1180
179 59 808
179 180 1000
180 181 1000
180 247 1304
180 477 928
181 14 927
181 182 1000
181 272 835
181 287 1364
181 303 935
181 328 1327
181 357 1031
181 476 1134
182 76 660
182 183 1000
182 303 830
182 491 1225
183 51 1259
183 184 1000
183 189 770
183 225 1135
184 185 1000
184 296 828
184 333 1033
184 355 507
184 370 1433
184 462 503
185 40 882
185 138 662
185 186 1000
185 471 1070
185 490 1263
186 187 1000
186 488 886
187 99 603
187 113 1468
187 188 1000
187 461 1295
188 103 901
188 189 1000
188 307 1154
188 456 1496
188 487 1116
188 495 710
189 190 1000
189 298 1041
189 337 953
190 63 1417
190 130 1396
190 191 1000
190 202 1272
190 356 747
190 385 1047
190 398 732
191 166 670
191 192 1000
191 389 1418
191 403 1446
191 441 827
192 13 723
192 83 1060
192 193 1000
192 264 504
192 281 1385
192 337 998
192 437 803
193 120 674
193 194 1000
193 258 1233
193 291 968
193 298 882
194 128 529
194 195 1000
194 346 814
194 379 923
194 467 623
195 196 1000
195 289 1318
195 371 673
196 197 1000
196 211 1308
196 448 591
197 198 1000
198 199 1000
199 33 1200
199 200 1000
199 206 577
199 394 986
199 401 1039
199 456 1100
200 26 1445
200 189 1273
200 201 1000
200 250 1039
200 451 1471
201 202 1000
201 355 1013
202 203 1000
202 434 820
203 80 1467
203 204 1000
203 267 1199
203 480 738
204 205 1000
204 245 1190
205 206 1000
205 252 1405
206 67 1222
206 75 737
206 207 1000
207 92 799
207 208 1000
208 99 1000
208 209 1000
208 313 945
208 350 801
208 391 601
209 210 1000
209 376 532
210 49 1379
210 126 624
210 211 1000
210 332 620
211 176 605
211 212 1000
211 252 865
211 262 576
211 325 1491
211 346 627
211 374 980
211 477 1428
212 30 1256
212 206 935
212 213 1000
212 262 579
212 343 712
212 443 1295
213 207 806
213 214 1000
214 12 1325
214 86 1033
214 215 1000
214 424 639
215 216 1000
215 480 1169
216 97 565
216 217 1000
216 292 1401
216 493 607
217 218 1000
217 295 1181
217 428 1085
217 468 1218
218 64 1350
218 195 536
218 219 1000
218 402 662
219 220 1000
219 390 917
219 442 1168
220 16 1255
220 85 671
220 103 1222
220 221 1000
220 278 668
220 342 731
220 359 536
221 222 1000
221 382 1019
221 407 536
222 73 582
222 113 655
222 223 1000
222 239 1177
222 293 1102
222 440 1282
223 13 884
223 77 1155
223 224 1000
223 353 663
224 225 1000
224 241 704
225 29 1030
225 137 618
225 226 1000
225 308 1454
226 163 1390
226 227 1000
226 474 1365
227 228 1000
227 395 1147
228 229 1000
229 230 1000
229 413 882
229 457 732
230 75 1016
230 231 1000
230 300 1340
231 46 586
231 172 1341
231 232 1000
231 381 641
231 454 872
232 14 1032
232 127 502
232 233 1000
232 476 627
233 74 1338
233 111 1471
233 218 1376
233 234 1000
233 256 672
234 23 782
234 235 1000
235 108 597
235 135 1444
235 236 1000
235 249 1341
235 465 539
235 473 827
236 237 1000
236 250 771
236 331 722
236 482 528
237 1 890
237 238 1000
237 313 1234
237 363 579
238 236 1014
238 239 1000
238 281 1361
238 316 623
238 491 1417
239 164 1154
239 238 592
239 240 1000
240 13 910
240 99 1274
240 241 1000
240 243 879
241 82 1298
241 185 917
241 242 1000
241 464 1406
242 165 1364
242 243 1000
242 355 1307
243 244 1000
243 286 1280
243 360 993
243 434 1251
244 95 547
244 118 587
244 245 1000
244 308 1068
245 246 1000
246 100 1461
246 182 1081
246 247 1000
246 262 961
247 133 616
247 248 1000
247 270 909
247 365 766
247 397 930
248 51 1366
248 249 1000
249 80 699
249 102 879
249 107 501
249 168 642
249 250 1000
249 417 617
250 7 1478
250 99 985
250 151 661
250 239 956
250 251 1000
250 326 1325
250 463 952
251 41 1273
251 99 987
251 234 682
251 252 1000
251 284 1183
251 368 821
251 400 1289
251 410 1458
251 417 915
252 39 591
252 182 1368
252 253 1000
252 374 506
252 379 1024
253 104 1373
253 254 1000
254 255 1000
254 278 553
255 232 605
255 256 1000
255 382 661
256 143 706
256 257 1000
256 454 894
257 258 1000
258 118 964
258 259 1000
259 69 1156
259 236 1389
259 260 1000
259 495 1297
260 261 1000
260 266 846
260 438 603
261 95 971
261 170 1250
261 214 1307
261 262 1000
261 460 861
262 16 661
262 263 1000
262 372 799
262 420 1235
263 224 823
263 245 991
263 264 1000
263 271 1002
263 438 1121
264 239 1416
264 265 1000
264 388 1107
264 479 614
265 266 1000
265 347 733
266 141 1058
266 179 1452
266 267 1000
266 420 554
267 188 1485
267 268 1000
267 292 973
267 490 1400
268 103 880
268 269 1000
268 332 831
268 365 1374
268 427 656
268 438 937
269 242 714
269 260 1486
269 270 1000
270 199 1212
270 226 1482
270 271 1000
270 419 1146
271 47 755
271 92 650
271 182 1034
271 251 870
271 272 1000
271 482 1106
272 144 811
272 273 1000
272 340 557
273 274 1000
274 146 1395
274 275 1000
274 333 800
275 139 1158
275 276 1000
275 282 701
275 285 792
275 319 1296
276 12 1252
276 172 1408
276 277 1000
277 9 794
277 35 804
277 62 825
277 278 1000
277 425 1360
278 88 913
278 179 1019
278 279 1000
278 410 1473
279 154 1480
279 221 553
279 230 1180
279 280 1000
279 348 1434
280 65 1059
280 79 725
280 281 1000
280 323 966
280 390 1309
281 72 1350
281 282 1000
281 368 1382
281 398 689
282 233 1349
282 283 1000
282 353 1016
283 284 1000
283 365 670
284 43 975
284 144 1098
284 223 855
284 285 1000
284 324 871
285 187 816
285 286 1000
286 260 928
286 287 1000
286 406 846
287 97 986
287 236 1125
287 288 1000
287 347 1417
288 18 667
288 32 523
288 283 858
288 289 1000
288 332 997
288 470 1426
288 497 1264
289 147 849
289 290 1000
289 304 621
289 428 1214
290 291 1000
291 60 1312
291 85 1253
291 292 1000
292 293 1000
292 357 1079
292 397 888
293 131 788
293 294 1000
293 435 994
294 100 1214
294 295 1000
295 296 1000
296 29 677
296 61 1232
296 208 920
296 297 1000
296 345 1392
296 454 1146
296 497 1167
297 110 540
297 194 1205
297 261 938
297 298 1000
297 399 720
297 468 513
298 299 1000
299 300 1000
300 28 1060
300 65 1086
300 90 888
300 207 1408
300 217 986
300 301 1000
300 333 777
300 382 1385
301 302 1000
301 348 1003
302 130 1037
302 185 659
302 303 1000
302 305 753
303 125 621
303 304 1000
303 356 1430
303 373 795
303 458 632
303 476 1198
304 6 705
304 39 809
304 61 1421
304 291 542
304 305 1000
304 372 1300
305 103 954
305 196 1282
305 306 1000
305 331 1050
305 334 1063
305 476 814
306 72 629
306 148 1190
306 186 1341
306 217 868
306 291 1416
306 294 671
306 307 1000
306 341 1068
307 270 1027
307 308 1000
308 140 1276
308 212 997
308 309 1000
309 25 681
309 310 1000
310 103 994
310 219 985
310 311 1000
310 483 758
311 67 1392
311 105 1207
311 217 1487
311 312 1000
311 415 767
311 418 831
311 472 1163
312 177 1451
312 240 1110
312 313 1000
312 388 956
313 97 764
313 314 1000
313 388 1441
314 233 957
314 315 1000
314 326 1381
315 55 1438
315 63 508
315 182 1237
315 193 609
315 206 890
315 250 1493
315 300 789
315 316 1000
315 334 1397
315 379 1171
315 497 983
316 136 1485
316 308 878
316 310 891
316 317 1000
316 369 644
316 373 1066
316 424 532
317 76 1143
317 318 1000
317 352 1206
317 465 879
318 222 1403
318 319 1000
318 328 580
318 469 1091
319 85 680
319 320 1000
319 325 728
319 486 1024
320 1 663
320 16 763
320 321 1000
321 117 992
321 165 775
321 281 527
321 322 1000
321 345 1274
322 81 1429
322 323 1000
322 329 1419
323 79 735
323 324 1000
323 388 1387
323 482 1246
324 325 1000
324 481 517
325 151 1140
325 326 1000
325 356 1233
326 320 1049
326 327 1000
326 409 599
327 124 1038
327 132 663
327 142 851
327 257 1385
327 328 1000
327 351 1293
327 386 1241
327 436 1396
328 110 1108
328 329 1000
328 474 1206
329 24 1437
329 110 1033
329 159 557
329 193 1020
329 217 1418
329 250 1147
329 330 1000
329 400 1433
330 289 841
330 331 1000
330 376 1323
331 192 1104
331 261 1392
331 332 1000
332 214 906
332 333 1000
332 342 722
332 360 564
332 363 1039
332 392 1325
332 399 1090
333 7 863
333 121 1148
333 127 960
333 195 1451
333 305 950
333 334 1000
333 408 1205
334 45 628
334 50 1489
334 176 699
334 335 1000
335 336 1000
335 464 1293
336 202 1200
336 272 574
336 337 1000
336 467 509
337 151 852
337 241 1157
337 338 1000
337 418 1437
338 106 1191
338 110 1305
338 141 1484
338 145 1222
338 277 1285
338 311 1332
338 339 1000
338 384 765
338 474 1239
339 88 1122
339 334 707
339 340 1000
339 427 1028
340 64 691
340 341 1000
340 395 830
341 125 697
341 342 1000
341 361 575
342 54 1149
342 151 1157
342 343 1000
342 429 989
343 344 1000
343 351 661
344 55 1400
344 247 730
344 275 786
344 345 1000
345 194 1267
345 241 1208
345 346 1000
345 350 901
346 347 1000
346 480 653
347 98 571
347 135 829
347 281 1342
347 348 1000
348 48 1093
348 64 957
348 65 1051
348 349 1000
349 350 1000
349 407 1155
350 306 743
350 345 1152
350 351 1000
350 412 1365
351 146 1007
351 251 1074
351 352 1000
351 436 1233
352 9 633
352 183 1196
352 193 957
352 238 772
352 353 1000
353 160 702
353 354 1000
354 355 1000
354 471 1355
355 120 522
355 267 1180
355 288 1444
355 356 1000
356 357 1000
356 362 814
356 405 1117
356 455 1150
356 472 1021
357 109 1015
357 358 1000
358 135 1165
358 136 1497
358 359 1000
358 367 1020
359 342 1291
359 360 1000
359 409 1310
360 4 990
360 361 1000
360 375 522
361 350 690
361 362 1000
361 477 913
362 211 708
362 260 1362
362 363 1000
362 383 777
363 5 1253
363 81 1179
363 153 505
363 178 1395
363 364 1000
363 464 794
364 154 1497
364 365 1000
364 381 1428
364 396 545
365 127 699
365 246 1393
365 366 1000
366 367 1000
367 47 1403
367 345 1400
367 368 1000
367 486 1089
368 369 1000
368 441 834
369 12 776
369 20 1389
369 139 1120
369 159 1078
369 288 597
369 370 1000
370 139 598
370 206 953
370 371 1000
370 436 1105
371 65 763
371 194 528
371 365 606
371 372 1000
372 169 865
372 256 1047
372 373 1000
373 192 708
373 321 1086
373 374 1000
374 375 1000
374 380 933
375 332 593
375 376 1000
375 423 1351
375 429 1340
375 466 651
376 66 907
376 282 642
376 297 1464
376 353 1226
376 377 1000
377 118 1082
377 326 618
377 378 1000
378 141 753
378 192 1045
378 247 1098
378 275 1028
378 279 1030
378 379 1000
378 436 1483
379 36 1250
379 147 669
379 251 505
379 380 1000
379 416 1332
380 315 1067
380 381 1000
381 174 797
381 176 1469
381 382 1000
382 45 1292
382 383 1000
383 365 1249
383 384 1000
384 28 960
384 264 1333
384 385 1000
384 431 657
385 284 688
385 332 627
385 361 541
385 364 1351
385 386 1000
385 424 626
386 24 1146
386 387 1000
386 431 1219
387 183 911
387 324 1091
387 388 1000
387 428 1042
387 479 1277
388 141 888
388 215 991
388 252 1451
388 260 945
388 295 1473
388 389 1000
389 148 1168
389 390 1000
389 412 1185
390 98 517
390 363 1411
390 391 1000
391 21 1473
391 92 621
391 94 1403
391 392 1000
391 490 1423
392 359 632
392 393 1000
392 435 996
393 315 1207
393 394 1000
393 439 1273
394 61 1070
394 121 1315
394 139 941
394 153 1216
394 304 690
394 395 1000
394 485 1446
394 498 1480
395 51 1274
395 394 545
395 396 1000
396 132 548
396 249 1067
396 397 1000
396 484 791
397 4 949
397 74 1032
397 83 512
397 164 1497
397 213 997
397 288 838
397 334 670
397 398 1000
397 490 669
398 124 757
398 256 1047
398 274 788
398 386 720
398 399 1000
398 401 1246
398 479 608
398 491 1267
399 76 1345
399 155 589
399 185 1004
399 194 1303
399 199 974
399 286 909
399 398 1214
399 400 1000
400 298 589
400 401 1000
400 432 1460
401 285 741
401 314 1381
401 402 1000
402 102 617
402 273 560
402 403 1000
403 22 514
403 205 1100
403 404 1000
403 491 1140
404 276 541
404 405 1000
405 157 1481
405 278 504
405 300 1110
405 341 1192
405 388 793
405 406 1000
406 194 1278
406 407 1000
407 177 1291
407 286 552
407 408 1000
408 167 603
408 333 1392
408 359 860
408 409 1000
409 77 964
409 132 1464
409 192 537
409 198 1451
409 410 1000
409 456 1434
409 496 873
410 235 1489
410 411 1000
411 260 1488
411 344 1289
411 412 1000
412 137 1119
412 143 525
412 175 1454
412 200 825
412 255 1445
412 281 1420
412 392 890
412 413 1000
412 414 1426
413 38 1072
413 194 1395
413 287 1108
413 414 1000
414 234 630
414 255 1412
414 269 511
414 381 1026
414 415 1000
415 80 888
415 217 757
415 300 803
415 391 1246
415 416 1000
416 147 1066
416 302 1161
416 417 1000
417 87 993
417 114 1192
417 418 1000
418 11 1396
418 232 832
418 419 1000
419 12 801
419 184 1453
419 201 962
419 322 587
419 420 1000
420 149 906
420 282 1249
420 331 784
420 421 1000
421 291 722
421 308 1368
421 347 1001
421 422 1000
421 440 1329
421 474 1272
421 484 610
421 497 1376
422 2 1050
422 244 1473
422 403 1011
422 423 1000
422 488 663
423 217 833
423 378 590
423 392 577
423 400 701
423 424 1000
424 16 1370
424 83 1066
424 217 1128
424 312 698
424 413 987
424 425 1000
424 454 1481
425 18 846
425 177 1011
425 426 1000
426 311 971
426 419 1359
426 427 1000
426 490 1106
427 98 1208
427 165 1022
427 302 629
427 428 1000
427 483 901
428 224 1105
428 251 970
428 320 963
428 429 1000
428 461 1233
429 220 842
429 244 1246
429 430 1000
429 469 875
430 48 1449
430 49 1095
430 431 1000
431 105 1370
431 291 566
431 432 1000
432 203 1026
432 433 1000
432 471 592
433 147 861
433 422 1246
433 434 1000
433 468 1071
434 165 1416
434 290 625
434 365 722
434 399 906
434 435 1000
435 50 1492
435 98 621
435 277 608
435 436 1000
436 73 1464
436 437 1000
436 496 1337
437 143 1223
437 177 765
437 438 1000
438 310 910
438 439 1000
439 62 1021
439 140 743
439 440 1000
440 148 1081
440 317 845
440 332 1132
440 393 720
440 441 1000
441 80 555
441 95 576
441 268 594
441 293 1356
441 347 1349
441 359 1297
441 401 1416
441 442 1000
442 158 818
442 253 1226
442 273 1277
442 443 1000
443 444 1000
443 497 1412
444 173 1487
444 177 1023
444 263 1405
444 324 968
444 430 985
444 445 1000
445 73 1123
445 99 512
445 153 800
445 230 1276
445 317 1048
445 446 1000
446 41 661
446 81 1430
446 113 1022
446 300 1054
446 447 1000
446 471 1274
447 321 962
447 386 780
447 448 1000
448 169 599
448 174 799
448 180 1186
448 282 1155
448 449 1000
449 322 931
449 352 629
449 418 791
449 450 1000
450 84 852
450 256 504
450 451 1000
451 10 539
451 94 1221
451 301 723
451 359 725
451 452 1000
452 143 549
452 389 940
452 453 1000
453 48 994
453 293 1204
453 309 1491
453 319 1002
453 454 1000
454 118 1421
454 455 1000
454 485 1006
455 456 1000
455 463 955
456 259 1294
456 457 1000
457 396 1359
457 458 1000
458 100 1314
458 312 883
458 327 764
458 331 1164
458 358 1348
458 459 1000
459 197 1274
459 201 1019
459 238 625
459 397 1253
459 460 1000
460 90 630
460 293 642
460 461 1000
460 475 702
461 52 1291
461 281 1054
461 340 1494
461 367 643
461 376 702
461 462 1000
461 464 756
462 52 711
462 285 1410
462 463 1000
463 10 697
463 86 1496
463 464 1000
463 470 972
463 474 504
464 156 1194
464 191 1282
464 385 907
464 465 1000
465 318 1357
465 466 1000
466 199 740
466 467 1000
467 47 675
467 88 738
467 152 674
467 360 1332
467 468 1000
468 193 1259
468 469 1000
469 8 1139
469 307 783
469 336 696
469 460 1290
469 462 951
469 470 1000
470 40 816
470 175 775
470 227 1092
470 248 970
470 471 1000
471 352 862
471 368 715
471 393 1077
471 472 1000
472 354 1102
472 473 1000
473 133 1369
473 236 881
473 276 1128
473 385 1328
473 421 1292
473 474 1000
474 131 615
474 444 1171
474 475 1000
475 404 1329
475 468 1336
475 476 1000
476 123 1257
476 301 1457
476 477 1000
477 51 652
477 218 706
477 268 1398
477 478 1000
478 6 1048
478 319 1123
478 408 968
478 479 1000
479 32 1066
479 57 1436
479 442 767
479 446 510
479 455 1430
479 480 1000
480 81 710
480 84 1368
480 267 826
480 481 1000
481 164 907
481 316 1092
481 482 1000
481 495 788
482 161 1323
482 193 1039
482 297 1300
482 480 1380
482 483 1000
483 139 1240
483 414 1286
483 484 1000
484 125 1386
484 485 1000
485 228 1329
485 348 1029
485 486 1000
486 169 629
486 487 1000
487 32 940
487 88 1410
487 99 956
487 171 544
487 397 824
487 488 1000
488 367 850
488 489 1000
489 490 1000
490 68 1176
490 99 510
490 152 625
490 291 1466
490 491 1000
491 436 983
491 452 1277
491 464 510
491 472 1160
491 492 1000
492 12 1086
492 37 743
492 152 1286
492 213 1462
492 493 1000
493 316 633
493 397 552
493 409 1185
493 494 1000
494 126 1158
494 381 1225
494 495 1000
495 321 1023
495 493 900
495 496 1000
496 299 754
496 497 1000
497 106 907
497 394 724
497 498 1000
498 134 792
498 251 532
498 468 841
498 499 1000
499 186 1054
499 341 791
499 500 1000
500 1 1000
500 357 1325
