500 2000
1 2 1000
1 212 645
1 245 820
1 463 609
1 488 799
2 3 1000
2 32 752
2 93 576
2 188 528
2 352 857
3 4 1000
3 297 1022
4 5 1000
4 121 830
4 254 935
4 380 1173
5 6 1000
5 206 1128
6 7 1000
6 85 1339
6 97 735
6 127 888
6 222 1435
6 500 1113
7 8 1000
7 61 1420
7 85 1073
7 251 642
7 483 887
8 9 1000
8 380 935
8 439 651
8 494 1116
9 10 1000
9 39 534
9 238 555
9 244 596
9 447 1357
9 476 1177
9 488 796
10 11 1000
10 58 819
10 216 586
10 334 803
10 348 1196
10 350 610
10 353 1257
10 449 938
11 12 1000
11 48 835
11 57 1225
11 281 1279
11 292 668
11 313 576
11 327 657
12 13 1000
12 38 1311
12 105 1067
12 286 713
12 406 1451
13 14 1000
13 63 1448
13 89 1449
13 177 1096
13 283 757
13 392 1272
13 447 1051
14 15 1000
14 21 1202
14 100 1424
14 441 1439
15 16 1000
15 48 1460
15 113 1215
15 212 1111
15 213 786
15 260 1355
15 344 933
15 374 1387
16 17 1000
16 167 1101
16 174 680
17 18 1000
17 117 614
17 141 1312
17 290 1123
18 13 769
18 19 1000
18 75 1449
18 170 1240
18 303 837
18 359 1245
18 362 1490
18 416 1052
19 20 1000
19 137 1205
19 196 648
19 236 584
19 346 1123
20 21 1000
20 74 512
20 109 749
20 125 587
20 137 1360
20 200 1109
20 288 1443
20 307 1373
20 332 1075
20 489 568
21 22 1000
21 49 996
21 86 621
21 115 722
21 203 1078
22 23 1000
22 111 953
22 347 836
22 357 945
23 10 1074
23 24 1000
23 101 552
23 354 906
24 25 1000
24 149 539
24 166 1180
24 188 1342
24 263 713
25 26 1000
25 482 973
26 27 1000
26 88 550
26 324 1075
26 335 928
26 371 665
27 28 1000
27 53 666
27 92 1444
27 144 780
28 29 1000
28 82 1004
28 113 1097
28 181 742
29 30 1000
29 36 628
29 118 518
29 353 1431
30 6 1007
30 31 1000
30 63 546
30 422 693
30 476 851
31 32 1000
31 118 1497
32 33 1000
32 214 948
32 296 888
32 303 1077
32 330 975
33 34 1000
33 144 889
33 205 1324
33 277 1266
33 416 1303
33 446 614
33 483 1288
34 35 1000
34 151 662
34 157 737
34 408 872
34 487 912
35 36 1000
35 56 1135
35 142 623
35 171 1335
35 226 624
36 37 1000
36 53 695
36 299 965
36 442 654
37 38 1000
37 144 817
37 346 839
37 355 819
37 363 1243
37 467 1234
38 39 1000
38 449 1054
39 40 1000
39 354 603
39 379 1089
40 27 1156
40 41 1000
40 50 1397
40 82 1100
40 113 1127
40 370 506
40 424 548
41 42 1000
41 154 592
41 333 1060
41 350 628
41 398 1309
41 433 939
41 471 788
41 492 986
42 43 1000
42 68 1377
42 211 811
42 332 985
42 333 657
42 406 1441
42 479 686
43 44 1000
43 84 523
43 135 947
43 150 1119
43 248 1371
44 2 1392
44 45 1000
44 70 612
44 266 684
44 322 896
44 494 1458
45 1 890
45 46 1000
45 77 506
45 102 830
45 133 1013
45 294 1052
45 331 700
45 392 981
45 395 1478
45 431 601
46 47 1000
46 442 1207
47 48 1000
47 100 706
47 134 925
47 156 1099
47 255 1246
47 316 1219
47 472 799
48 16 962
48 49 1000
49 50 1000
49 168 1060
49 180 978
49 364 1369
49 371 1322
50 51 1000
50 225 803
50 461 1032
50 464 1114
51 52 1000
51 64 1054
51 74 1257
51 90 1119
51 102 819
52 18 730
52 53 1000
52 250 1045
52 280 1283
52 402 552
53 45 1207
53 48 863
53 54 1000
53 151 1359
53 167 796
53 449 944
54 55 1000
54 193 1337
54 327 1300
55 56 1000
55 86 771
55 224 685
55 327 984
55 360 1097
55 421 709
56 49 939
56 57 1000
56 61 762
56 137 1375
56 187 1124
56 419 1378
57 58 1000
57 71 1090
57 301 663
58 59 1000
58 134 795
58 209 1233
59 60 1000
59 150 1445
59 174 780
59 266 1465
59 379 716
60 50 508
60 61 1000
60 290 1213
60 306 1230
61 6 1365
61 62 1000
61 165 871
61 467 1045
61 496 857
62 28 549
62 63 1000
62 123 1077
62 146 1315
62 147 805
63 64 1000
63 133 1104
63 134 1259
63 253 1233
63 409 712
64 3 1330
64 43 1099
64 65 1000
64 98 924
64 212 1152
64 226 1031
64 350 722
65 14 836
65 66 1000
65 246 1069
66 67 1000
66 132 1461
66 385 841
67 68 1000
67 115 1292
67 410 647
67 461 987
68 69 1000
68 135 1205
68 281 1020
68 338 576
69 70 1000
69 126 875
69 351 912
70 55 668
70 71 1000
70 274 1178
70 476 1463
71 10 516
71 72 1000
71 259 643
72 73 1000
72 156 1221
72 331 864
72 349 1498
72 398 1248
73 74 1000
73 134 632
73 156 1137
73 195 776
73 390 1276
74 75 1000
74 198 1001
74 432 931
75 76 1000
75 293 1218
75 301 1431
75 422 965
75 479 1165
76 52 1158
76 77 1000
76 115 1011
76 236 667
76 253 1082
76 318 1491
77 78 1000
77 135 1175
77 178 1197
77 402 577
77 495 920
78 47 706
78 79 1000
78 114 675
79 80 1000
79 217 1358
79 222 994
79 340 801
79 399 889
80 14 1345
80 81 1000
80 163 1361
80 233 1454
80 298 690
81 82 1000
81 126 965
81 221 505
81 286 712
81 295 650
81 419 797
81 492 1286
82 2 833
82 27 1311
82 83 1000
82 110 827
82 162 847
82 200 617
82 251 1165
82 324 504
82 426 531
83 84 1000
83 94 861
83 278 818
83 375 1137
83 433 1400
84 5 1398
84 33 1002
84 76 774
84 85 1000
84 90 932
84 166 1387
84 174 1442
84 211 1218
84 248 1358
84 487 1228
85 86 1000
85 122 575
85 177 878
85 406 642
86 87 1000
86 166 1089
86 201 1117
86 250 576
86 433 815
86 454 661
87 53 797
87 75 1106
87 77 1270
87 88 1000
87 283 978
87 366 639
87 376 946
88 60 652
88 89 1000
88 348 548
89 90 1000
89 152 943
89 178 702
89 192 686
89 249 1151
89 300 912
89 302 1106
89 389 1279
90 91 1000
90 116 887
90 138 1292
90 169 516
90 174 1293
90 203 693
90 274 797
91 92 1000
91 188 1376
91 377 991
91 438 964
92 93 1000
92 223 1418
92 309 1073
92 466 894
93 94 1000
93 128 795
93 211 814
93 324 548
93 364 1097
93 414 698
93 425 1009
93 448 870
94 95 1000
94 242 711
94 373 1096
94 438 907
95 41 541
95 96 1000
95 205 1231
95 219 609
95 223 1381
95 249 558
96 97 1000
96 133 1258
96 165 617
96 208 1259
96 238 1207
96 274 820
96 377 528
96 383 1156
96 460 1237
97 98 1000
97 254 1042
97 285 1181
97 360 1396
97 378 899
97 400 756
97 452 1238
97 478 665
98 48 1260
98 99 1000
98 253 1312
99 100 1000
99 190 749
99 286 1047
99 376 1005
100 12 1171
100 80 1470
100 95 860
100 101 1000
100 103 791
100 360 853
101 46 765
101 62 683
101 102 1000
101 179 1411
101 292 842
101 318 1279
101 412 671
101 438 603
101 488 833
102 103 1000
102 365 1075
102 400 684
103 104 1000
103 178 900
103 205 1003
103 291 1292
103 377 1304
103 405 1432
103 438 992
103 466 1273
104 61 580
104 105 1000
104 130 767
104 259 706
104 292 1132
104 384 1476
104 434 1263
105 35 1316
105 106 1000
105 470 751
106 107 1000
106 409 1014
106 474 1211
107 108 1000
107 112 1073
107 180 582
107 236 1474
107 239 730
107 285 542
107 287 898
108 104 1021
108 109 1000
108 424 878
108 434 1018
109 110 1000
109 256 845
110 111 1000
110 150 933
110 299 1181
110 405 961
110 416 1208
111 112 1000
111 371 920
112 49 1275
112 113 1000
112 349 838
112 394 1239
113 25 1426
113 114 1000
113 263 962
114 57 550
114 99 1415
114 115 1000
114 203 554
114 316 997
114 339 1098
114 378 567
114 384 1337
114 453 1476
115 49 1308
115 76 872
115 116 1000
115 184 815
115 223 961
115 292 789
115 388 732
115 487 1042
116 117 1000
116 377 1188
116 397 738
116 398 902
117 68 610
117 116 1177
117 118 1000
117 303 894
117 335 684
117 412 680
118 119 1000
118 158 1387
118 194 1097
118 278 666
118 338 989
119 62 1101
119 86 968
119 120 1000
119 191 1498
119 216 944
119 500 570
120 76 888
120 92 983
120 121 1000
120 122 806
120 268 1168
121 10 871
121 74 1459
121 122 1000
121 355 1256
121 445 634
122 123 1000
123 124 1000
123 126 1103
123 418 538
123 487 977
124 19 1211
124 125 1000
124 226 1263
124 260 1219
124 274 733
124 376 634
124 462 1259
125 98 1071
125 126 1000
125 185 898
125 217 744
125 324 1126
126 127 1000
126 142 1197
126 442 921
127 109 1318
127 128 1000
128 99 1034
128 114 1342
128 129 1000
128 157 1037
128 309 1251
128 414 627
129 130 1000
129 195 1279
129 327 1071
129 364 960
129 417 1419
129 466 1477
130 131 1000
130 133 1103
130 187 895
131 132 1000
131 176 859
131 263 774
131 370 1260
131 488 1409
132 106 1393
132 133 1000
132 148 1230
133 44 1211
133 86 537
133 134 1000
133 262 868
133 306 586
133 400 1054
133 434 658
134 26 532
134 37 734
134 101 608
134 135 1000
134 253 1003
134 316 758
135 60 1248
135 61 882
135 65 966
135 111 1427
135 136 1000
135 156 554
135 186 914
135 326 637
136 137 1000
136 139 1369
136 178 1374
136 224 1205
136 347 1084
136 447 523
136 465 1240
136 486 1121
136 488 936
136 495 1294
137 138 1000
137 309 519
137 321 1012
138 28 896
138 139 1000
138 294 1216
138 325 641
138 349 832
138 411 1215
138 422 1455
138 466 1012
138 470 773
139 3 1057
139 140 1000
139 202 761
139 243 906
139 377 1107
139 428 1452
140 2 538
140 141 1000
140 243 669
140 344 1450
140 355 907
141 75 807
141 142 1000
141 356 1400
142 143 1000
142 188 641
142 312 1221
143 144 1000
143 164 964
143 258 560
143 469 556
144 76 1384
144 145 1000
144 307 1451
144 351 688
144 410 1433
144 460 1397
144 471 1364
145 146 1000
145 212 1001
145 221 894
146 112 709
146 147 1000
146 170 595
146 197 580
147 148 1000
147 251 1084
147 365 853
148 149 1000
148 251 865
148 336 1385
148 486 1403
148 491 628
149 150 1000
149 357 592
150 151 1000
150 268 1462
150 298 877
150 469 1072
151 70 617
151 82 1268
151 152 1000
151 354 1207
151 366 1245
151 417 1357
152 40 663
152 153 1000
152 378 505
152 498 1153
153 22 1461
153 35 1097
153 154 1000
153 164 757
153 307 1347
153 474 1376
154 155 1000
154 271 916
154 315 937
155 76 1464
155 101 1101
155 156 1000
155 187 1322
155 479 761
156 157 1000
156 417 774
157 158 1000
158 159 1000
158 447 640
159 7 602
159 61 1214
159 108 1159
159 160 1000
159 202 1479
159 212 1342
159 451 943
160 161 1000
160 169 867
160 197 749
160 217 742
160 280 899
160 463 811
161 162 1000
161 237 1178
161 242 1311
161 289 1138
161 322 628
161 346 1171
162 163 1000
162 427 840
162 459 1440
163 7 1053
163 12 1267
163 93 956
163 164 1000
163 333 688
163 371 861
164 122 951
164 165 1000
164 258 1050
165 40 595
165 166 1000
165 204 1335
165 408 1205
165 445 631
166 167 1000
166 186 810
166 222 1479
166 440 511
166 488 1111
167 58 1445
167 140 1021
167 168 1000
167 213 956
167 397 1470
168 85 723
168 89 620
168 169 1000
168 227 1403
168 440 932
169 85 598
169 154 803
169 170 1000
169 376 588
170 135 708
170 171 1000
170 355 583
170 426 1335
171 104 1079
171 172 1000
171 190 628
171 466 1070
172 103 654
172 132 1166
172 153 570
172 173 1000
172 338 909
172 466 600
172 474 1188
173 14 1140
173 79 1230
173 174 1000
173 321 539
173 427 610
173 429 1204
173 472 1396
174 123 911
174 173 1144
174 175 1000
174 205 674
174 327 573
174 344 805
175 3 1046
175 176 1000
175 272 1363
175 414 1260
176 130 1015
176 146 560
176 162 664
176 177 1000
176 186 1469
176 242 1322
176 260 1342
176 272 1172
176 316 1081
176 368 1381
177 86 738
177 131 1118
177 178 1000
178 7 1224
178 29 1139
178 30 1282
178 57 644
178 118 1482
178 179 1000
178 219 972
178 423 1372
179 64 742
179 180 1000
179 357 1008
179 415 1423
180 167 720
180 181 1000
180 318 703
181 20 578
181 70 683
181 136 1328
181 151 1247
181 182 1000
181 391 560
181 429 550
181 480 1143
182 119 1420
182 183 1000
182 344 1277
182 354 667
182 485 1273
183 54 1444
183 93 1283
183 184 1000
183 236 1418
183 328 1250
183 461 1133
184 185 1000
184 321 828
184 370 1161
185 180 1206
185 186 1000
185 191 697
185 253 1476
185 484 673
186 84 1150
186 187 1000
186 205 899
186 457 745
187 188 1000
187 498 1134
188 132 655
188 142 727
188 189 1000
188 236 753
188 333 1499
188 444 1490
188 465 574
189 97 673
189 190 1000
189 204 1487
189 271 1282
189 386 577
190 1 870
190 29 724
190 191 1000
190 260 1376
190 317 1297
190 383 1024
190 454 1144
190 471 1007
191 72 1492
191 192 1000
191 258 989
191 289 1160
191 314 1150
192 75 1057
192 193 1000
192 404 1086
192 417 1165
192 463 862
193 131 1297
193 194 1000
193 304 988
193 332 833
193 361 723
193 429 1407
194 6 1141
194 11 1057
194 195 1000
194 208 900
194 271 1217
194 331 1010
194 469 1267
195 96 658
195 196 1000
195 237 1419
195 302 1006
195 379 1022
195 438 639
195 500 998
196 197 1000
196 207 1442
196 342 898
196 465 1041
197 6 1076
197 190 1449
197 198 1000
197 203 898
197 204 1226
197 349 660
197 459 1224
198 139 949
198 151 845
198 199 1000
198 261 867
198 280 857
198 285 1460
198 313 971
198 378 926
199 50 576
199 127 1032
199 200 1000
199 212 1322
199 389 606
200 5 1106
200 49 1465
200 57 685
200 83 763
200 201 1000
200 232 711
200 347 850
200 380 1108
200 486 974
201 202 1000
201 444 860
202 21 848
202 101 737
202 203 1000
203 204 1000
203 426 1134
204 153 1004
204 205 1000
204 259 587
204 387 1303
205 133 810
205 160 578
205 206 1000
205 228 707
205 239 1257
205 386 1009
206 1 693
206 140 583
206 151 582
206 207 1000
206 247 902
206 257 833
206 265 656
206 288 1393
206 379 1475
206 419 1191
206 454 693
207 47 1327
207 208 1000
208 209 1000
208 234 1421
208 289 911
208 479 632
209 210 1000
209 485 1472
210 130 602
210 211 1000
210 262 527
210 492 559
211 136 700
211 212 1000
211 451 1356
212 5 1075
212 176 651
212 213 1000
212 434 788
212 465 604
213 5 866
213 141 816
213 156 1376
213 214 1000
213 241 1402
213 456 1449
214 47 1011
214 69 871
214 99 1453
214 154 1317
214 215 1000
215 114 1374
215 144 1320
215 145 690
215 172 804
215 216 1000
215 235 557
216 217 1000
216 272 1481
217 5 542
217 151 1235
217 180 509
217 218 1000
217 386 1102
217 439 523
217 456 1239
218 89 659
218 115 721
218 219 1000
218 228 836
218 230 1210
218 362 1125
218 456 698
219 172 1034
219 220 1000
219 252 1008
219 258 578
219 390 1411
220 120 1254
220 221 1000
220 238 1468
220 377 830
220 450 897
220 458 1119
220 474 1387
221 169 922
221 222 1000
221 434 1309
221 447 1027
221 448 605
222 223 1000
223 51 1296
223 224 1000
223 253 715
224 78 1145
224 157 1395
224 184 1284
224 225 1000
224 349 952
224 352 578
225 51 1353
225 73 1269
225 167 1125
225 226 1000
225 358 935
225 395 746
225 413 863
226 75 746
226 100 1227
226 149 821
226 227 1000
226 364 1006
226 430 748
226 433 840
226 457 1338
227 228 1000
227 248 1360
227 379 1095
228 105 1327
228 173 1162
228 197 532
228 206 1237
228 219 1173
228 229 1000
229 110 572
229 230 1000
229 493 951
230 231 1000
230 287 639
230 450 675
230 473 1022
231 74 647
231 195 812
231 232 1000
232 125 978
232 207 871
232 233 1000
232 286 1484
233 225 666
233 234 1000
233 481 1423
233 499 1421
234 33 964
234 141 645
234 235 1000
234 303 684
234 316 949
235 64 975
235 236 1000
235 241 850
235 314 1080
235 329 725
235 443 1483
235 450 984
236 27 1475
236 33 1330
236 237 1000
236 238 775
236 471 1106
236 475 1474
236 484 918
237 1 1362
237 21 1154
237 116 704
237 164 888
237 238 1000
237 344 1069
238 109 1100
238 154 1343
238 239 1000
238 312 1066
239 144 1294
239 177 1094
239 240 1000
239 247 568
239 385 1078
239 389 1182
239 464 1227
240 28 1427
240 59 775
240 110 659
240 134 707
240 194 655
240 241 1000
240 243 1280
241 82 539
241 114 860
241 242 1000
241 261 1204
241 280 1177
241 322 1347
242 243 1000
242 322 753
242 479 1401
243 219 550
243 244 1000
243 290 1310
243 308 1114
243 351 522
244 175 1288
244 187 991
244 245 1000
244 386 965
245 73 992
245 114 1359
245 200 636
245 232 769
245 234 583
245 246 1000
245 379 1426
245 414 1293
245 493 883
246 247 1000
247 39 944
247 208 1110
247 235 1095
247 248 1000
247 329 1036
247 365 1022
247 491 1212
248 80 1240
248 212 557
248 245 1059
248 249 1000
248 380 1146
248 409 770
249 156 1244
249 159 555
249 250 1000
250 144 952
250 251 1000
250 422 864
251 11 662
251 17 903
251 31 500
251 252 1000
251 292 657
251 341 1250
251 499 827
252 83 840
252 215 1345
252 253 1000
252 290 1490
252 480 606
253 33 1222
253 58 1407
253 99 828
253 254 1000
253 293 1429
253 410 722
253 429 518
254 255 1000
254 325 1248
254 371 1031
255 64 1373
255 256 1000
255 350 835
255 457 1426
255 468 634
256 129 1071
256 191 1105
256 257 1000
256 349 1486
256 382 763
257 40 1263
257 258 1000
257 305 657
257 311 1053
257 438 1067
257 495 947
258 251 1485
258 259 1000
259 184 789
259 260 1000
259 469 508
260 63 1184
260 210 561
260 221 1177
260 261 1000
260 356 753
261 147 1453
261 262 1000
261 430 1257
262 42 1111
262 169 1312
262 263 1000
262 273 1408
263 83 739
263 109 954
263 232 849
263 264 1000
263 285 866
263 291 1139
263 448 761
264 206 802
264 222 1325
264 265 1000
264 314 1017
264 413 938
265 221 1490
265 266 1000
265 278 780
265 415 890
265 498 1390
266 47 1266
266 108 1030
266 118 1206
266 242 538
266 267 1000
266 497 862
267 39 1216
267 71 1288
267 77 914
267 147 1206
267 229 1304
267 268 1000
267 392 718
268 70 1334
268 211 1047
268 247 946
268 269 1000
268 312 1045
269 40 956
269 110 1135
269 142 1479
269 270 1000
269 334 1077
269 343 1410
269 499 1353
270 22 612
270 40 523
270 53 1264
270 104 910
270 271 1000
270 421 656
271 189 1210
271 272 1000
271 464 782
272 57 859
272 273 1000
272 448 1122
273 73 939
273 244 595
273 274 1000
273 461 1218
274 275 1000
274 283 1174
274 401 813
274 402 1051
275 160 1211
275 181 781
275 194 1065
275 246 805
275 276 1000
275 298 1158
275 474 1378
276 90 829
276 111 867
276 248 1410
276 277 1000
276 291 506
277 3 572
277 33 987
277 278 1000
277 297 1152
278 26 638
278 241 1036
278 279 1000
278 332 628
278 340 638
278 360 813
279 165 1083
279 280 1000
279 473 1374
280 281 1000
280 430 1440
281 42 1367
281 282 1000
281 395 1016
282 86 571
282 145 767
282 283 1000
282 339 1112
282 354 1419
282 445 572
283 76 864
283 137 782
283 228 1164
283 284 1000
283 304 602
283 432 681
284 43 1376
284 285 1000
285 63 1355
285 121 1406
285 156 1010
285 183 1025
285 208 697
285 286 1000
285 287 776
285 359 1211
285 450 808
286 174 659
286 201 713
286 287 1000
287 48 1187
287 82 1134
287 288 1000
287 298 894
288 26 1459
288 108 1233
288 232 729
288 289 1000
288 480 1294
288 491 523
288 493 538
289 73 1407
289 167 1465
289 240 528
289 290 1000
289 370 865
290 222 997
290 291 1000
290 475 908
291 219 1025
291 292 1000
291 296 1093
291 365 1187
292 131 1418
292 230 974
292 293 1000
292 410 1280
292 420 1052
293 58 783
293 153 1314
293 167 1443
293 294 1000
294 3 879
294 175 1266
294 295 1000
294 451 1382
295 71 1481
295 267 949
295 275 1344
295 296 1000
295 368 1299
295 446 1379
295 466 558
295 496 1352
295 500 1241
296 115 1352
296 297 1000
296 444 743
297 85 1080
297 119 893
297 233 731
297 298 1000
297 463 692
297 467 1186
297 482 852
298 17 1227
298 19 1017
298 299 1000
298 314 1401
299 54 930
299 145 1217
299 164 1354
299 209 567
299 300 1000
299 495 1178
300 203 832
300 234 530
300 301 1000
301 302 1000
301 379 1254
302 201 769
302 236 1157
302 303 1000
302 385 1130
302 443 1434
302 453 892
303 304 1000
303 395 612
304 305 1000
304 372 793
304 381 632
305 55 1006
305 154 1181
305 185 657
305 306 1000
305 478 664
306 34 1498
306 65 575
306 243 1354
306 285 689
306 307 1000
306 402 1183
306 500 1069
307 241 636
307 308 1000
307 346 1102
307 408 841
308 164 1021
308 191 505
308 309 1000
309 229 629
309 310 1000
310 89 1429
310 311 1000
310 377 1235
310 394 531
311 30 518
311 44 987
311 312 1000
312 35 1292
312 129 1224
312 168 646
312 264 1419
312 313 1000
313 69 1218
313 134 933
313 204 1099
313 314 1000
313 436 807
313 469 984
313 473 708
314 200 1317
314 315 1000
315 88 1399
315 166 930
315 281 1197
315 316 1000
316 129 1394
316 188 996
316 317 1000
317 297 1279
317 303 1493
317 318 1000
317 441 1462
317 466 1176
317 480 914
318 121 932
318 229 1181
318 256 912
318 286 1177
318 312 1064
318 319 1000
318 342 970
318 420 1355
319 31 1228
319 244 1490
319 320 1000
319 337 1476
320 72 819
320 321 1000
320 372 1220
320 424 1162
320 498 924
321 292 959
321 322 1000
321 442 831
321 496 1034
321 499 965
322 31 1185
322 168 1173
322 266 1194
322 323 1000
322 422 781
322 443 997
322 468 897
323 29 1442
323 84 1167
323 190 858
323 258 1204
323 263 1311
323 324 1000
323 457 1027
324 19 1242
324 110 1342
324 248 744
324 325 1000
325 3 1354
325 111 818
325 260 1148
325 326 1000
325 399 1237
326 118 884
326 218 839
326 274 1124
326 327 1000
326 480 621
327 58 867
327 165 1383
327 328 1000
328 40 562
328 246 952
328 252 786
328 291 1165
328 304 713
328 329 1000
328 436 729
328 442 1054
328 477 1483
328 485 1454
329 181 1164
329 237 1178
329 240 662
329 330 1000
330 85 833
330 152 541
330 197 529
330 269 1068
330 283 684
330 331 1000
330 345 1221
330 457 1430
330 464 616
331 44 1483
331 116 519
331 268 555
331 332 1000
331 383 1175
332 28 733
332 277 1461
332 333 1000
333 102 1346
333 258 541
333 272 594
333 334 1000
334 80 1053
334 173 1285
334 335 1000
334 410 829
334 457 1410
334 490 668
335 213 1352
335 336 1000
335 482 681
336 41 1357
336 218 509
336 299 562
336 316 1455
336 337 1000
336 413 795
336 422 529
336 471 1134
337 283 627
337 338 1000
337 418 811
338 111 619
338 115 1451
338 339 1000
339 5 1134
339 230 1116
339 340 1000
340 102 516
340 121 985
340 141 619
340 212 613
340 325 1346
340 332 933
340 341 1000
340 437 627
340 445 614
340 486 1060
340 497 1168
341 113 1485
341 282 1224
341 342 1000
341 391 1205
342 75 1166
342 248 885
342 305 1385
342 343 1000
342 351 1052
342 357 734
343 71 951
343 106 506
343 166 1348
343 293 583
343 344 1000
343 351 962
344 145 604
344 207 1405
344 227 1169
344 334 678
344 345 1000
344 425 1239
344 433 1034
345 9 1169
345 18 1495
345 114 1321
345 168 836
345 346 1000
345 494 975
345 498 1288
346 8 548
346 30 661
346 148 1290
346 347 1000
346 372 985
346 482 1214
347 103 1249
347 118 1315
347 218 1258
347 346 1256
347 348 1000
348 28 1160
348 36 1487
348 297 942
348 349 1000
348 359 979
348 372 975
349 84 1102
349 101 501
349 145 1376
349 303 1347
349 350 1000
349 413 833
349 483 936
350 47 722
350 171 1046
350 209 943
350 351 1000
351 189 962
351 352 1000
351 373 985
352 1 1422
352 55 832
352 329 1354
352 353 1000
352 498 913
353 9 622
353 47 1267
353 197 791
353 224 1260
353 354 1000
354 3 1335
354 73 747
354 74 1315
354 210 868
354 259 1480
354 301 1110
354 355 1000
354 403 690
355 200 818
355 356 1000
355 473 1019
356 58 1318
356 114 1183
356 185 580
356 307 689
356 357 1000
356 442 931
356 450 1230
356 483 993
357 59 659
357 349 1239
357 358 1000
357 381 512
357 436 1477
358 99 1411
358 100 1250
358 215 1100
358 359 1000
359 180 1362
359 360 1000
359 398 731
360 22 647
360 318 950
360 335 1004
360 349 602
360 361 1000
360 439 1089
361 108 1191
361 359 862
361 362 1000
361 388 713
361 427 792
361 461 565
362 108 1289
362 363 1000
362 475 850
362 483 1053
363 313 664
363 364 1000
364 47 1280
364 365 1000
364 375 995
364 380 799
364 396 1447
365 5 724
365 181 1271
365 323 1081
365 366 1000
366 300 644
366 367 1000
366 417 1315
367 120 1045
367 124 1137
367 157 1493
367 368 1000
368 369 1000
368 432 1053
369 19 1243
369 63 1267
369 71 523
369 185 1290
369 370 1000
369 493 780
370 31 710
370 83 788
370 213 1309
370 247 906
370 371 1000
370 430 1242
371 32 854
371 113 1028
371 162 1099
371 293 1038
371 372 1000
371 407 921
371 448 981
372 336 633
372 373 1000
372 483 609
373 92 1142
373 266 1363
373 374 1000
373 437 714
373 443 1287
374 112 1254
374 363 680
374 375 1000
374 391 1226
375 61 698
375 66 969
375 228 1460
375 376 1000
375 483 971
375 496 732
376 310 929
376 336 1440
376 345 1494
376 377 1000
377 75 781
377 344 1073
377 368 1327
377 378 1000
378 379 1000
379 13 1257
379 23 994
379 262 696
379 352 950
379 380 1000
379 429 1035
380 122 725
380 125 697
380 248 1004
380 258 1040
380 267 1148
380 381 1000
381 296 1223
381 382 1000
381 460 500
382 18 860
382 55 1459
382 142 1324
382 383 1000
382 387 1195
382 450 545
383 53 1414
383 131 1286
383 384 1000
383 390 875
384 73 997
384 196 1390
384 219 1173
384 379 1387
384 385 1000
384 414 1017
385 38 945
385 98 622
385 280 1431
385 326 714
385 386 1000
386 255 502
386 277 1110
386 387 1000
386 450 686
386 492 856
387 149 935
387 248 720
387 388 1000
387 480 972
388 389 1000
389 195 535
389 226 787
389 368 1159
389 390 1000
390 120 1168
390 140 865
390 152 1257
390 391 1000
390 412 701
390 423 1183
390 499 1005
391 115 1467
391 273 1167
391 337 1216
391 392 1000
391 405 1030
392 100 1462
392 233 500
392 373 780
392 393 1000
392 443 802
393 19 985
393 342 1116
393 362 1146
393 394 1000
394 52 1411
394 56 1497
394 118 1050
394 363 1471
394 395 1000
394 439 957
395 41 1117
395 132 1396
395 275 1370
395 396 1000
396 331 700
396 397 1000
396 405 1114
397 64 534
397 132 549
397 398 1000
397 434 1070
398 231 861
398 272 556
398 399 1000
398 444 1116
398 456 1443
399 15 528
399 400 1000
399 411 1443
400 36 906
400 59 741
400 108 1111
400 287 950
400 401 1000
400 500 811
401 63 1216
401 200 503
401 346 1407
401 402 1000
401 427 870
402 403 1000
403 28 1362
403 57 1151
403 154 958
403 259 1307
403 327 992
403 343 628
403 404 1000
404 132 915
404 405 1000
405 74 689
405 210 1221
405 266 1012
405 406 1000
405 428 839
406 44 1025
406 263 892
406 377 785
406 407 1000
406 455 1484
407 87 869
407 138 622
407 211 845
407 408 1000
408 63 598
408 85 1032
408 344 617
408 359 1448
408 409 1000
409 79 1071
409 166 1360
409 368 788
409 410 1000
410 38 995
410 61 1022
410 99 679
410 107 998
410 307 676
410 334 834
410 411 1000
411 156 899
411 236 911
411 412 1000
411 495 1440
412 24 588
412 40 1327
412 45 1206
412 87 773
412 145 1000
412 296 504
412 409 550
412 413 1000
413 267 1111
413 414 1000
413 485 1130
414 7 1165
414 285 1256
414 321 1161
414 415 1000
415 24 827
415 76 768
415 85 1207
415 223 1455
415 311 799
415 352 1291
415 416 1000
416 44 672
416 182 1350
416 411 1490
416 417 1000
417 96 526
417 118 858
417 149 799
417 188 638
417 418 1000
418 160 835
418 196 1204
418 216 1152
418 295 717
418 419 1000
418 475 944
419 28 1400
419 71 1389
419 339 1208
419 348 790
419 353 1354
419 380 950
419 420 1000
420 24 800
420 84 1450
420 421 1000
420 459 572
421 183 645
421 370 583
421 415 561
421 420 856
421 422 1000
422 423 1000
422 488 1136
422 494 1485
423 304 1024
423 338 1496
423 379 738
423 424 1000
423 457 595
424 8 1330
424 89 1177
424 132 1362
424 380 616
424 425 1000
424 456 659
425 271 939
425 426 1000
426 6 669
426 22 1171
426 377 952
426 403 579
426 427 1000
427 34 898
427 112 757
427 160 1073
427 333 1048
427 417 767
427 428 1000
427 431 1160
428 84 883
428 201 619
428 429 1000
428 439 763
429 23 1372
429 430 1000
429 490 1385
430 61 879
430 70 1067
430 100 1063
430 221 741
430 428 938
430 431 1000
431 396 1228
431 432 1000
432 45 810
432 82 632
432 152 1421
432 200 1393
432 374 1254
432 378 1256
432 386 522
432 433 1000
433 249 1345
433 250 624
433 307 1420
433 311 537
433 373 775
433 411 1457
433 434 1000
433 462 559
434 8 1266
434 268 863
434 306 1077
434 408 704
434 435 1000
435 7 639
435 129 621
435 161 1183
435 240 1159
435 270 1428
435 299 856
435 339 1036
435 383 634
435 436 1000
435 448 1044
436 9 1483
436 77 1219
436 329 1133
436 335 1480
436 366 1410
436 396 844
436 437 1000
436 484 848
437 339 773
437 399 1096
437 417 951
437 438 1000
438 104 1456
438 142 1275
438 199 792
438 286 839
438 439 1000
438 484 506
439 34 720
439 170 936
439 192 1287
439 440 1000
439 492 1185
440 34 942
440 94 882
440 291 1278
440 364 1249
440 384 1239
440 407 1135
440 419 651
440 441 1000
441 123 1457
441 260 1062
441 351 1277
441 427 636
441 442 1000
441 470 1419
441 473 1004
442 10 518
442 68 775
442 218 1094
442 443 1000
443 73 786
443 427 943
443 444 1000
444 74 1355
444 152 981
444 194 1496
444 354 1041
444 402 1440
444 445 1000
445 241 1017
445 360 1461
445 446 1000
446 38 1480
446 135 766
446 201 1058
446 309 1079
446 400 1034
446 447 1000
446 497 1095
447 283 1469
447 306 1395
447 428 645
447 448 1000
447 449 1163
448 17 798
448 32 1440
448 79 1084
448 208 1478
448 227 1317
448 261 1303
448 312 1383
448 349 732
448 353 1269
448 449 1000
449 61 1192
449 149 1158
449 273 784
449 350 1172
449 450 1000
450 39 942
450 198 685
450 217 852
450 449 573
450 451 1000
450 457 1478
451 131 1219
451 452 1000
451 476 910
452 33 1220
452 56 858
452 84 1005
452 135 733
452 137 637
452 395 946
452 453 1000
453 113 1244
453 117 1213
453 454 1000
453 480 1336
453 492 959
454 54 1242
454 282 1146
454 348 1292
454 413 715
454 455 1000
455 46 1361
455 72 521
455 107 1182
455 454 1467
455 456 1000
456 115 960
456 302 1484
456 312 849
456 345 790
456 394 899
456 457 1000
457 148 1188
457 175 1064
457 458 1000
458 459 1000
458 475 867
459 150 1027
459 259 1036
459 460 1000
459 473 1218
459 500 1056
460 26 640
460 311 1338
460 315 1152
460 332 1458
460 457 1155
460 461 1000
461 249 830
461 339 691
461 389 834
461 462 1000
462 87 827
462 131 724
462 143 1305
462 344 1402
462 463 1000
463 58 779
463 102 1322
463 158 825
463 248 1243
463 383 1109
463 444 1444
463 464 1000
464 133 1114
464 135 720
464 158 849
464 190 724
464 330 1339
464 465 1000
465 321 1109
465 380 804
465 403 981
465 466 1000
465 469 593
466 6 1065
466 382 508
466 453 631
466 467 1000
467 236 843
467 327 625
467 330 1267
467 332 1253
467 381 1473
467 431 1425
467 468 1000
468 212 606
468 321 1265
468 469 1000
468 479 1397
469 83 698
469 124 1090
469 194 988
469 325 1125
469 421 748
469 452 1273
469 470 1000
470 295 1086
470 471 1000
471 124 579
471 191 631
471 254 1368
471 258 1088
471 276 783
471 424 917
471 472 1000
472 82 1252
472 98 1296
472 258 505
472 473 1000
473 144 964
473 311 1035
473 453 731
473 474 1000
473 481 1122
474 19 593
474 24 1214
474 91 957
474 120 955
474 143 1353
474 186 1383
474 254 783
474 454 1406
474 475 1000
475 109 790
475 117 1191
475 181 1484
475 208 1290
475 243 795
475 342 1310
475 476 1000
476 227 1284
476 389 998
476 477 1000
477 288 958
477 370 835
477 385 1494
477 422 926
477 423 1309
477 452 1152
477 478 1000
477 485 850
478 147 788
478 215 571
478 305 679
478 471 1014
478 477 972
478 479 1000
479 146 1302
479 480 1000
479 483 1268
479 489 1034
480 189 1395
480 202 577
480 278 1309
480 303 520
480 352 552
480 481 1000
481 280 925
481 303 929
481 458 975
481 482 1000
482 124 594
482 236 1096
482 335 1092
482 342 781
482 351 520
482 483 1000
483 154 1361
483 380 1157
483 484 1000
484 26 720
484 49 1314
484 136 864
484 407 926
484 485 1000
485 57 1244
485 208 848
485 265 1200
485 297 943
485 469 962
485 486 1000
486 96 545
486 161 1248
486 199 1250
486 270 785
486 470 1026
486 487 1000
487 1 1145
487 99 1378
487 121 1199
487 192 1117
487 488 1000
488 3 842
488 41 881
488 104 707
488 123 1470
488 136 1303
488 250 1157
488 344 621
488 480 663
488 489 1000
489 246 776
489 405 875
489 407 1305
489 490 1000
490 177 1344
490 366 692
490 414 1475
490 468 1297
490 491 1000
491 108 1066
491 192 1241
491 234 732
491 265 712
491 492 1000
491 500 880
492 41 1202
492 188 1149
492 197 1014
492 244 776
492 255 595
492 302 517
492 320 560
492 493 1000
493 127 947
493 304 522
493 318 510
493 452 879
493 456 1191
493 494 1000
494 206 1368
494 222 734
494 495 1000
495 38 943
495 176 747
495 217 1429
495 226 1285
495 327 919
495 496 1000
496 201 1130
496 204 1395
496 287 1121
496 310 1132
496 339 557
496 497 1000
497 498 1000
498 446 665
498 499 1000
499 97 945
499 166 1024
499 217 618
499 394 1132
499 450 1080
499 462 847
499 486 781
499 500 1000
500 1 1000
500 277 1077
500 407 586
